-1.5279769007709199
-1.5836009219893472
0.6343483703554913
-1.4250313825991476
-1.8955828473689786
-1.405172458810114
0.7629283679378853
-1.4219456641198316
-1.7233201736771844
-1.396186107283338
0.5536724295082691
-0.8429507617204449
-2.0118974297139585
-1.5509659913529068
0.7088571402774981
-0.9999818567807016
-1.693481535682193
-1.1724354495755194
0.7118016426039304
-1.1542975932436952
-1.8607446601889706
-1.7474071901285602
0.5315251076734191
-0.8393723891300028
0.4468973430195808
-0.554029228924517
-1.4240229241367754
-1.3960527532132638
-2.0424007531897814
-1.761456035761359
0.26096252138999815
-0.8427607919873145
-2.0628079947116778
-1.7437045580727857
0.23344801375518548
-0.9624408229783571
-1.6990840877807485
-1.7112296116005161
0.6151269921871039
-1.0335242828865052
-1.3489995611758219
-1.9309643484404861
1.7947967394083575
0.3055282310674976
-1.7153021927707024
-1.6786280140241758
0.35866353630890613
-0.9843219179821326
-1.900825311678775
-1.270828370997707
0.8121677387551014
-1.4275726609127792
-1.9372808042674894
-1.6357362038693088
0.6183897689327714
-1.3112787955444916
-1.618944841768112
-1.435195686596469
0.2893238460307479
-1.2241476363721957
-1.942832730815713
-1.6417500509284964
1.7372586922530484
0.49693282021072005
-1.548870069329169
-1.7172538203142185
0.8061637591598885
-1.0460246511967066
-1.8129464368347676
-1.1934269656758836
0.6766484693048045
-0.9639476847911207
-1.7450932155578158
-1.6718721033695052
0.7907109974546163
-1.1685269090563957
-1.707999258848242
-1.4709251387176758
0.28700208195675825
-0.9093716779300377
-1.745655467695074
-1.23963225698235
0.40570349680703677
-1.2781494745042772
-0.3837012147877604
-0.3451418192073945
2.2055467657697982
-1.253498764999983
-1.9978012159076783
-1.6911574048038926
0.6864086949687995
-1.0390515136339644
-1.8394647855000046
-1.6536713264719083
0.5941363636745531
-1.2208452480242324
0.07971499470282808
0.2902702210912824
0.06235049429034679
-0.0034865672450417637
-1.556154724934455
-1.308829087750547
0.23159339550089525
-1.1600074843180304
-1.9538747071456997
-1.620289860101763
0.7936048604646526
-1.3691451500053502
-0.18537436592488815
0.05339978819317475
-0.23744817055874903
-0.20074176473467398
0.028439689083518082
0.19641039156705495
-0.2789124427198515
0.14942632092016014
-1.53175022182714
-1.6250889441218623
0.3814268347426818
-1.0402816853599304
-0.01729277026142797
0.23877038072759318
-0.053260192731803796
0.075035468792269
-1.565128167250172
-1.6088964646628698
0.6402777798012211
-0.8542159405784809
-2.044436223095179
-1.2550805735308246
0.4598841391544379
-1.2374682962476216
-1.8040579722908232
-1.544569187125167
0.5137747155005721
-0.8964709517818746
-1.9819530168696038
-1.5657636493269806
0.3851604775375276
-1.2437899718963437
-2.130146781064802
-1.104726165637585
1.8967536245724745
0.30933074620894074
-2.1331117285508
-0.8027960999529379
1.6297276460951626
0.015089525734753202
-1.565867853163165
-1.316693866290423
0.6029170065785479
-1.1654737580153631
-2.023603947496929
-1.4656831267581303
0.5564226632887621
-0.9488406475278682
-1.9830574038228974
-1.3344860134663525
0.47411338899336336
-0.9208488117240202
-1.9249347872257276
-1.3110865600899377
0.6692785528517682
-0.9579558754117549
-1.8691519920104103
-1.258250890474404
0.6415125142724101
-1.4286267759950932
-1.5967901752504372
-1.7275902966412564
0.4531331355823967
-1.021507971661283
-0.07228333163685496
-0.1516341591948075
-0.2695120653497052
0.15664705593069275
-1.6380271005483933
-1.3375563382125362
0.5575713019139701
-0.9233628778470494
-1.7813814731266082
-1.4809092429377324
0.4030611461350416
-1.3457665236642697
-1.7479623877560226
-1.4058954032250623
0.7065148485321542
-1.3097381209033025
-1.7359443225254028
-1.424868580770685
0.29774338343063034
-1.2501281512208176
-2.033061542042201
-1.5439703901636226
0.5753990938095299
-0.8616964096147167
0.20853585724077484
0.08366907128129078
-0.2352994372033096
-0.18097642053551494
-1.8758416386987942
-1.6949256096051357
0.4363053347233508
-1.2118752438566185
-1.8610193187594226
-1.254361090474104
0.7584404468270864
-1.094387181253439
-1.3693265918263318
-1.0258665264167035
-1.491792783948871
0.10128799624042728
-2.100248239944763
-1.64450165376081
0.48667778542426066
-1.4032292312065406
-1.6948554976954902
-1.2574688848750453
0.39133393189073823
-1.2213838567807063
-1.9505292416481717
-1.3801358468569918
0.5483413325095534
-1.0456703422530282
-1.5230269629949675
-1.2668928110937374
0.43001993763196694
-1.2477166517116858
-1.649806507742734
-1.7548352127245856
0.7102200447319755
-1.1616906616267637
-1.628356296802238
-1.6348990351671187
0.44069943313384347
-1.3278025584288617
-1.5585160435627428
-1.7048980367963333
0.8364639564525311
-1.0575973129321041
-1.631556511415225
-1.4635764580246762
0.7592786994412728
-0.8821602757322043
-1.435764654664867
-1.2451036290990714
1.9608889513112353
0.058611159764926916
-1.6228063322999229
-1.7075238878526042
0.4677449503428885
-1.0206842776473872
-0.8347983046178618
-1.8479546938767732
2.162093620579196
0.251046266730946
-1.8902270887218977
-1.1740826968762483
0.33010575894738875
-1.3321757460526216
-1.544618400692062
-1.3074787490510869
0.5637358953436586
-1.0278398813261382
-2.039627784972395
-1.5819539260576052
0.47266785215121626
-0.8915583215513351
-1.9666934165757937
-1.2153807765394833
0.5041792995576949
-1.2690890556649428
-1.753853734331809
-1.3607873202842473
0.9051562077794488
-0.8452509155285778
-1.9020643393077914
-1.5910614637657796
0.6719556889432083
-1.0205312861997717
-1.817486902299748
-1.472604136440053
0.5374260390202811
-0.9792091767905092
-1.7426793454523275
-1.7442526901342512
0.4083523147903679
-1.0995100950528884
-1.58872726899359
-1.3338591240525204
0.44623077208918366
-1.3591088580847608
-0.813618524203868
-1.9034576678142938
1.1308734509478675
-1.8886037991928688
-1.581470064853589
-1.7587748982479863
0.44152609149779704
-0.8711917423319956
-1.8342235186091198
-1.4944031942322684
0.7075617180049498
-0.8856252724293426
0.038624683141121434
0.2781180777659673
-0.020642062402424548
0.20367898833936945
-1.9071679570951474
-1.5364417338979839
0.657575964233545
-1.0482993277181685
-1.6861141788338911
-1.563850920067111
0.4165665111230106
-1.2719815234946366
-0.2573701109021162
0.07375550780246176
0.12248401167975474
-0.1272962165485943
-1.8874783449119947
-1.4445935305424145
0.7871848074640955
-0.9750278420369963
-1.54659871917559
-1.2901658376261762
0.7445380897728351
-0.949636343337135
-1.5755677960940924
-1.5439791256309428
0.3156078993207135
-1.363524731360514
-1.6336527182948961
-1.2379050811105705
0.6506326748177058
-1.17706700156225
-1.4660519899202176
-0.041496927875194344
-1.4787218149689856
-1.1359855209028413
-1.8638718185230614
-1.6474867095383243
0.5962848537668257
-0.9657088565832331
-2.0476001069893193
-1.4052204704939093
0.7272306288338624
-1.0258726949374057
-1.5570135353179828
-1.2981767505587574
0.39889762623816216
-1.2287627401950283
-1.9333099558346665
-1.3623441300693289
0.7040670674511822
-0.8634734551432667
-1.558403364232238
-1.3266046381965073
0.35387737423375437
-1.200124754845457
-0.5693570408092308
-0.7465360374005957
2.1449787689006214
-0.9780735230179346
-1.8137383483322487
-1.5910614349727135
0.622710942849608
-0.9873910075364377
0.24536287700161402
-0.0859922795220962
0.16502727167264708
-0.28560855419329534
-1.9628433195106534
-1.280702237041977
0.7888221470698684
-1.431302537369571
-2.375944158171683
-0.713039850750767
1.7500698967540051
0.299035363944939
-2.057938620242273
-1.6222306109548528
0.4777578646931799
-1.0234406273654872
-1.8254946697400212
-1.7315637861302289
0.6635917214016374
-0.9320012104565049
-2.072989649312742
-1.4583026038269336
0.8021464761539387
-0.9911345895078888
-1.9437499498215063
-1.6384408672627861
0.6826605881459287
-1.2170767327428869
-1.9786088397128134
-1.4860579829966118
0.4955510318620592
-1.328569198209092
-2.1999978156041005
-0.7972717051262758
2.00704203427002
0.018761095667532084
-1.5240248825966387
-1.2590501410820865
0.4704211793452666
-1.1030224562190571
-1.7783973980577152
-1.7624459668575654
0.7048665798921849
-1.270605315205554
-0.38245494711141553
-0.4944469338099632
1.6006526512967627
-0.8571991147960912
-1.5338043226142943
-1.3541825392076219
0.7614283856832269
-1.0336743289984445
-1.644220957438701
-1.5496054704541304
0.37618369736379037
-0.9417230932741424
-1.728118599286769
-1.3533163729114646
0.6488244848053817
-1.1259705346455287
-2.001468358117038
-1.3336238219091308
0.7788136791258753
-1.4104251016021214
-1.2780595344229353
0.49677250881983265
-1.6099065069528913
-1.2940980998830924
-0.5686784144604565
-1.18473820063082
2.1850321155631627
-0.42696443078728896
-1.948973154888364
-1.4299916530204753
0.3633133091268385
-1.0056726354009968
-0.6056187067303567
-0.781349192795832
2.4853225012322224
-1.3134592616018934
-1.9573901283334094
-1.4618008381893142
0.563019807013394
-1.2733877460337137
0.19493603896412567
-0.6027533081540469
-1.0085064315496126
-1.1597032564482093
-1.8445719552704682
-1.1929455124344852
0.8077636658963874
-1.1799016919750827
-2.065870839175148
-1.0347094588365986
1.5325760123374426
0.18345000113727084
-1.6103200751086546
-1.3136851402872223
0.6323007263598837
-1.286041946463882
-1.7441840647617473
-1.3606690042822238
0.6926029921981187
-1.2484163034639473
-1.6139282897625793
-1.2040863485262039
0.23589040848519177
-1.1684856120282452
-2.233586817489
-0.7878771394957543
1.8806913674325592
0.35824049979385153
-0.7221701223721736
-2.0680796522677674
1.0678433757610464
-1.454323099318483
0.14563743887031333
0.19172241057384468
-0.12703738288548447
0.05496254422046168
-1.7891550119811837
-1.4660979608347966
0.523518462924444
-1.004900723517169
-2.092928846351851
-1.275142116065394
0.36300919005630566
-1.4175938009870555
-1.8961806047000307
-1.5751817486570303
0.4870093798881473
-1.2417001805649541
-1.659879314031893
-1.27263341773658
0.34811555715746717
-0.9634527549256752
-1.6626641354964442
-1.3016022859828726
0.5402017341351415
-1.2627461334518528
-1.533459519495881
-1.4325457653110694
0.4981175864227946
-1.3264207181746561
-2.0178905031483896
-1.3225280146659952
0.6048190906422264
-1.0272325579428963
-1.926352343453686
-1.7327491521029426
0.7833618114669085
-1.3229593133116826
-1.9247798844391517
-1.078711261637957
0.5358678712257853
-0.6725303449019778
-0.9201462117912271
-2.0826467538428846
2.129443373480237
0.647220483939995
-2.0372909048050505
-1.2170105649323486
0.7275816932653245
-1.3227233111862537
-0.17058133743585474
-0.03672940875605113
0.15268029384168866
0.13882983231231905
-0.037771336355483014
0.20589492071288237
-0.17976177340934543
-0.20325565493721443
-1.7811102295465648
-1.5158733855162048
0.7125784818953051
-1.2027682085979619
-1.560767080821169
-1.6238119679568166
0.5937409284406674
-1.0439720373943817
-1.8922021280555161
-1.6458059258126028
0.2943316213479229
-1.3185141515216199
-0.6254678234200601
-0.8566611762711255
2.15638451589746
-1.28638890080597
-2.054373107398961
-1.4586085764021983
0.5514579099596064
-1.1421521421492475
-1.9154468198683876
-1.728508565998968
0.6324022531781384
-1.0925073602204385
-1.6389698173594947
-1.58184587834856
0.22159711930749454
-1.3864177003376903
-2.0678892939250093
-0.8837711010431403
1.876061397904122
0.3079845045030616
-1.7291629920154339
-1.6406641030240512
0.3028833849033252
-0.91495942413554
-1.5635940009913396
-1.7063525093916072
0.4409171082012407
-1.4042605720434613
-1.9218668116072055
-1.473478870672697
0.32769753785271954
-1.2970054131257505
-1.5435169561386504
-1.5209489824230484
0.7728727736831522
-1.4130282349560102
-1.5648109690182102
-1.3859020208240267
0.4858947908123171
-0.9033005027000419
-1.9792700553366083
-1.4155938240316417
0.3835979393165253
-1.0832871045384846
-1.827702063170253
-1.195309900336844
0.6389725162844058
-1.3580936365120797
-1.5863182565976017
-1.6979611311442406
0.2745717243822916
-1.0260971206113185
-1.8583792760890505
-1.266293082844136
0.6189034701733346
-1.0096895035883233
-1.433991949723209
0.27207636968660487
-1.5928632122019988
-1.1445880713311056
-1.9215051198890967
-1.3910301189133103
0.3513304105430785
-0.9361187029092214
-0.7512850220514431
-2.0283966430202933
1.9019322802510275
0.5510195891249474
-1.6916933507178347
-1.590992496493137
0.3221446675431149
-1.4230698390092211
-1.7271074770086852
-1.372960714012181
0.5190780767247525
-0.8831182214158905
-2.042776798704662
-1.657333558691545
0.5599783060936021
-0.9979978640009016
-1.7630003282345141
-1.7659420987877985
0.7697555735621
-1.2152261330669059
-1.8386922390553209
-1.3683009974843419
0.7940180370889034
-1.4170499846278077
-2.023693702788653
-1.5867590120490012
0.4743467588799077
-0.933426509516429
-1.991330239296516
-1.4742222475728377
0.28810451026848605
-0.9602076935572389
-1.8565473593543733
-1.499438435187025
0.23964177576262224
-0.9037379503469839
-1.9448561921485283
-1.740531098820903
0.2552177508516326
-1.386753064531677
-1.6081848868575266
-1.7422627757503546
0.29639720959447746
-1.3111471006625866
-1.7737129484075522
-1.2145655193220684
0.47965839441604985
-0.9800353175711106
-1.913462631139197
-1.2184782190400958
0.5848298204660778
-0.9109462436832826
-1.9536463502253159
-1.5068363743774378
0.5507592568089437
-1.1339138392919414
-1.8765388321335323
-1.4344435963104294
0.7653226578081556
-1.1857356860391257
-1.7049855498215383
-1.7388361393312184
0.6499442181761987
-0.9953036310132116
-1.9022653586798173
-1.3497194548353422
0.3582137066691633
-0.8613050003668402
-2.112079311641116
-1.1967793437634568
0.6499761560346251
-1.260001522128582
-1.8208128168254962
-1.3669243002883613
0.46325226096975525
-0.9860820784437422
-2.107766209114728
-1.6275350235195662
0.5443962933004176
-0.9620587695496862
-2.0741004470104722
-1.7457417486162747
0.7184581968022923
-1.1720688067797245
-1.9480420446785467
-1.5754782201960689
0.7242262181466499
-1.3896442541528655
-1.5386821146994243
-1.7159370012295894
0.6190826314166862
-1.3314409936451266
-1.6371117582111672
-1.432244011310724
0.41968852429179426
-0.876313297953572
-1.5840651855675505
-1.3229660872833848
0.5406888711761837
-1.0218571385168052
-1.882989655746007
-1.690815549941513
0.4129446696850239
-1.407529068120291
-0.26963038699055936
-1.835904936840845
1.1969845841319144
-2.1440563295649078
-1.8013870340359923
-1.36581244678288
0.3314933677540612
-1.3952876508772443
-2.111394244705762
-1.1964172238586797
0.7188219506516194
-1.1339542997603793
0.2629008787756398
-0.0929206351230047
-0.14123733013380046
-0.2842117188433264
-0.9323451725973271
-1.9937943850283073
2.370623545813152
0.21446897110227622
-1.7906074995959624
-1.118205764699032
0.5434821484050285
-1.143500040891436
-1.5206493387341633
-1.262876899256483
-0.67468386184955
-0.644948019025101
-2.0266128198678386
-1.382496921584556
0.46298225354957523
-1.1085805129362503
-0.603917416301258
-0.5074743689489362
2.1495816196484867
-1.2465762046975266
-1.5648393864711876
-1.2949217383691716
0.5344603448189903
-1.0281410313872807
-1.6498068722245098
-1.332223760975159
0.2521331953124124
-0.8790816730200407
-2.071387700759889
-1.1892520790840289
0.6253381224415688
-1.3309705340343656
-1.957194433768267
-1.6244207318809714
0.45874120422537507
-1.1936502892405207
-0.15168073818203556
0.11451533703528453
0.09053347846371226
-0.2185347862808415
-1.7907661494854517
-1.6917099853443105
0.3977020600097224
-1.0312069613436265
-1.057034383544207
-1.5938025654227048
2.2151394175439223
0.4397317438812558
-1.812189269324576
-1.6126544632751842
0.32589952243727327
-1.1982734796054624
-1.6228614224257707
-1.183735338419234
0.6296198053173658
-1.4286694854361277
-1.6589386875855014
-1.6219572742730735
0.2322588800888345
-1.146475403177884
-1.7319501851809633
-1.1935049444031525
0.2456124953029326
-1.1795354818988737
-1.900287911831858
-1.511049740518168
0.3486380223505962
-1.1810698049448773
-1.5779154949088823
-1.563367038238155
0.7796772617265704
-0.9361407185995859
-2.060226115593464
-1.5402597476494986
0.7151618505328508
-1.2026419036652976
-1.784704008811019
-1.7060805265855687
0.5812156332614156
-1.1885429687712967
-2.693926670069306
-0.848375174870598
1.5790322155505272
0.3450163268578039
-2.116417017949127
-1.471970286134546
0.281992374025297
-1.1677341726142745
-1.6845155682058945
-1.2925128380519821
0.492945117756746
-1.0985531751695568
-1.8299457856383698
-1.4376623850758397
0.4242008967835327
-1.1146500462676994
-1.8054919039317578
-1.6789811155908498
0.3356639961283296
-1.3553445208937989
-1.8079928248149972
-1.6905466471893384
0.28455430571871276
-1.087761430667049
-1.9482770909731753
-1.487830775882936
0.7339541455663781
-1.348869541038014
-0.9072641283772489
-1.7540130602928667
1.8204548570749912
0.3658101136154839
-1.793359796000495
-1.293650259082312
0.36537739724531665
-1.0688416623146255
-1.5550815580321369
-1.2869631511533466
0.3019488734727904
-1.251417744096068
-1.7357006566051165
-1.2227470915291672
0.6176330491309521
-1.3303605384865305
-1.7757978309250744
-1.3307422218554252
0.614623646023545
-1.4083633480495896
-1.9524783577819154
-1.4911937367828283
0.7504990406789995
-1.006702602005101
-1.9034607805705024
-1.6691116436632327
0.5333435942064415
-0.8520751760847097
-1.5256085720260537
-1.509445792064131
0.5631474904499938
-1.3951341393114816
-1.7017287236291323
-1.1704906531540873
0.4148402728749798
-1.0386171546975351
-1.6095595313374607
-1.2164099646838478
0.7557551191099294
-1.1818274689505703
-1.7181684031805156
-1.711870188480655
0.7503517398893707
-1.404950213156531
-1.6136710755498682
-1.4972338092577917
0.30878379925560756
-1.339326320527353
-1.9195295240757497
-1.1956071764056495
0.6530044236836112
-1.0293976860811584
-1.9974235172275208
-1.384197474988058
0.7762511876086715
-1.116392029078831
-1.525584837771028
-1.6569929797768124
0.25570404354341897
-1.1662144757627673
-1.9217592726966628
-1.5965083839232452
0.5323091009350438
-0.9370944959207533
-1.9585272503168616
-1.1813029097395837
0.4431056602958146
-0.886574905178866
-1.997959474200925
-1.6831807249405932
0.49857140081876905
-0.9380626718458122
-1.6102766762673162
-1.6988639906771583
0.39900023248401084
-1.001315959970641
-1.902896191517633
-1.1956270924703225
0.5224685341777613
-1.0297091593037027
-1.9243785403838345
-1.1998590822853457
0.46184424309815014
-1.0286949141960346
-1.5631452347135784
-1.4983605053439735
0.3871712585097743
-1.157377840164607
-1.8165366198247073
-1.4995027422017537
0.4095974022469285
-0.9422811199509625
-2.0287292461939037
-1.4855188832584227
0.5858721080917322
-1.2855370671015671
-2.1190474416107556
-1.52155770584107
0.24556705491652342
-1.2835921629671865
-1.7949300207382892
-1.561607313179544
0.2878966067519395
-1.334192045253455
-1.866746427543453
-1.6911513138057184
1.932546666295075
0.3562378896711973
-1.8069573623696362
-1.6381408531414823
0.5465122302119707
-0.8735067444816899
-2.037369191707464
-1.2691069149732777
0.6823376511128241
-0.9959177280208728
-1.9626092748859443
-1.254244640196015
0.22289452317635122
-0.9589911967672712
0.26747117810102256
0.2794861745837617
-0.22073788741696102
-0.2041273818571735
-1.6643337636771394
-1.425753041295966
0.4392079378104273
-1.3493502928098593
-0.9645275697270626
-1.7823472126429465
2.1513033675320665
-0.016905641792481482
-1.567571493255799
-1.4505318471763766
0.6887827437538463
-1.0371792687602819
-1.776834445650961
-1.3792226092924387
0.5121976612141246
-1.2143999549315652
-1.5840076187810332
-1.738550186911621
0.5673612831566746
-1.3828307728932736
-1.820823439564962
-1.4569316779836028
0.3072304849797757
-0.9158225382417807
-1.743065372046082
-1.2160307126487544
0.34325141692216776
-1.291204105271745
-2.1099945184328477
-1.2340074241813173
0.36654339154683313
-0.9562228285196964
-0.7391769020444617
0.6670349469528478
-1.6348899786499829
-1.6297595261835565
-1.8065959864737011
-1.4692026767289232
0.5493788957690287
-1.1619019371559687
-0.7176740346270069
-0.9827332036487298
2.0443720628686197
-0.7947028901876488
-1.64873304472252
-1.6839102796400265
0.6733215914458492
-0.9191667314111206
-1.9788349028592167
-1.4399311757748323
0.36501904858044515
-1.0536687350547544
-1.7022771845293847
-1.5863590342199256
0.5476193422923998
-0.9904621295589661
0.1525412722710037
0.2526742335244605
-0.1911747691902541
-0.1689668491668606
-2.7287936686837884
-0.8609787864458857
1.6149824002353048
0.19768848021588378
-2.1023708050515832
-1.4153464805270775
0.39572062550652165
-1.1695268847332618
-1.9484150953780177
-1.4856733497374766
0.4286588146670605
-1.263809030772275
-2.0383250575998284
-1.2750866740687552
0.5168882882961208
-1.041029405094368
-1.6997039052656677
-1.3564488976671991
0.5916029328794892
-0.857226803505765
-1.179481395603903
-1.803897437501253
1.775284369022013
0.4617169532067734
-2.0001663733178376
-1.3178585813222319
0.43194166007522666
-1.3292441495630916
-1.7970034811692206
-1.2874413270003169
0.760841554724349
-1.1823503596710307
-1.9669089763273062
-1.3383604657900292
0.2917242051366846
-1.415538522976176
0.13377637933595066
-0.16089118939501806
-0.10481677451361293
0.11982496411078432
-1.8495969071301914
-1.612502338529371
0.22183884170571128
-1.3502984041182144
-2.2196972945293454
-0.45371602930745036
1.5214610609173251
0.21751343662635816
-2.0863957588782815
-1.407223752603049
0.48110940283003567
-1.3887322907871855
-1.6224693642764714
-1.2175779667590336
0.4389488053644613
-1.3585677540825656
-1.777684814431535
-1.2911029700474947
0.3368925908689599
-0.9071149846565217
-0.11358822613317952
0.16271471656858158
0.10850311494182123
0.047948808610173796
-2.08317350074503
-1.7365236434413516
0.7999284701970202
-0.9024135019037215
-1.8235225357899854
-1.449071047626743
0.22720196504431905
-1.1709141478790597
-1.8039404032620268
-1.32403519557648
0.6376001402550844
-1.4046074983832288
-1.6747452126958127
-1.5177783031737775
0.4636174250748234
-1.0355818090368134
-1.55871686518504
-1.2614988358764474
0.36705464640030694
-1.355730395837539
-1.7428442384117395
-1.7624755726679713
0.2918072535370648
-1.0080705618432857
-1.7777458278136202
-1.6814800309644486
0.3057272617565526
-1.135250773617404
-2.0233364797333757
-1.625994655679155
0.28041340385406743
-1.1301177336182062
-1.5812187944764537
-1.5647195090442487
0.5476698172122112
-1.1187068340254718
-1.6748399354353198
-1.6598806658719245
0.497461326588451
-1.4085957219369383
-1.723243951211861
-1.578374645556394
0.7889557643294665
-1.403008319605016
-1.730266103207045
-1.6867134210561574
0.2644963507276083
-1.0910824815815738
-1.7537263390240838
-1.4390326599573937
0.5527339467313355
-1.0043986158012976
-1.898956291504216
-1.6262498949194617
0.34491915900636394
-1.2576212489081835
-1.737438372646925
-1.2866320602506482
0.2316164046702202
-0.9669422601000345
-1.705833625401266
-1.2034304826232984
0.36160557125573684
-1.1888610686488021
-2.0386654545658685
-1.189476729185133
2.0601235711431194
0.2703726755884881
-1.5351027461102777
-1.4345425988188665
0.30905062351806617
-1.3032062590691909
-1.0591508569551724
-2.1736015081066085
1.8956870685751603
0.5035677786190843
-1.72082469670588
-1.1865905192450656
0.6919461309149852
-1.385647681847205
-1.7570651229533247
-1.2541636551509303
0.5460763714628283
-1.047367109250736
-1.7185767120728084
-1.4165971968989233
0.4568486512874905
-0.9988918773478263
-2.4663528259416077
-1.0021337982853424
1.5943114620519128
-0.04542253059235382
-1.5847803831475886
-1.558453840215327
0.2468782368708291
-1.2029065547470856
-1.9617621390443367
-1.5433105852993791
0.33896047185179534
-1.0235464667939793
-1.926797530454491
-1.676678269605576
0.7637226506958823
-1.0543610970774981
-1.9794846034337956
-1.3465633025017094
0.4325780017415713
-1.3763206542303144
-1.5373008551765572
-1.5104069717446302
0.6891208715104491
-1.290955261375805
-2.2163695270077763
-0.9466000444698971
1.7185769402066944
0.2104302591127185
-1.8912576023430598
-1.1960289784185842
0.5891849212077229
-1.0326216569532023
-1.0842789827003116
0.3765025957593853
-1.6413129954102554
-0.8893685002177464
-1.926439064660951
-1.5697786711290294
0.2832976080257297
-1.2746520372446961
-1.8483851051062214
-1.4474070818740803
0.265078503975183
-1.3386029701186906
-1.9705201302330404
-1.5832569168111075
0.34122959521675944
-0.9652098434266817
-2.384574270169175
-0.8093902911534113
1.6751080243220828
0.43642671650408793
-1.9191687134082307
-1.624830728128599
0.5114480369987155
-1.3203979318315013
-1.9909002139261451
-1.5610733475230214
0.47766599928340375
-0.96720924530436
-1.9163148271913562
-1.7068035885635273
0.5095628636103113
-1.0044319267246262
-1.8629220136351918
-1.2451521105724244
0.2960715292985413
-0.9509553123335394
-1.7865262733833704
-1.7597087582238935
0.5246140048395074
-1.073199508001882
-2.0684567457963983
-1.6785838055491045
0.5558034256614088
-1.254155073872708
0.034024952067119876
-0.20485553196448025
0.07592311064504588
-0.2507063677465498
-0.3600910371860331
-0.03244183060072398
0.5878275175404097
-0.2213285921609492
-1.7877008466260902
-1.4851618301361837
0.6394899852646634
-1.1550638922446854
-1.8810457583345372
-1.4580748837900708
0.22102505738623662
-0.9377451473212947
-1.76613360145378
-1.398871165386913
0.6821819998251466
-1.1536196057571115
-1.7675540874585303
-1.5276332882361798
0.4293655086873445
-1.2362934454296084
0.12762789800692195
0.1592367266933103
0.3292891313884583
-0.6316239836623421
-1.6155416358762893
-1.5260580331733469
0.4544667209999039
-1.1105567549697826
-1.7603080694776114
-1.264757465300493
0.5919762111199511
-1.3125115637334368
-2.0378683910723288
-1.6894241114634345
0.585786224264047
-0.9130085644042513
-1.9543059588991212
-1.2854070128431927
0.7513902853740853
-1.2103991344957161
-1.5503172466636337
-1.3910186590240161
0.5357442643693385
-1.1145854812750569
-1.7035136575190801
-1.5895863178967258
0.43390349859589833
-1.3860035221755855
-2.0025142074619025
-1.6746003633804443
0.22584473860076576
-1.0465477622384802
-1.5586559388894148
-1.3691443596303619
0.6908346198770652
-1.0272816291397016
-1.6074134492634533
-1.351085801032549
0.3301867765332475
-1.3943523911931686
-1.6410346991302567
-1.185656107976078
0.5385718477072005
-1.000732106724539
-2.0926067228027683
-1.5901639586875407
0.636966814067113
-1.0392716060095717
-2.3268046664342803
-1.3785879265520586
1.9562320416728363
0.26248994028372685
-1.7253567984694533
-1.4127683463921892
0.41254994599909406
-0.9195907459967193
-1.7496767249893872
-1.3385310593781379
1.8020617561742345
0.539401450658915
-1.7797931694332245
-1.551183815453557
0.5035314555018632
-1.4317907749981
-1.8272723945306217
-1.2294186445300503
0.5756455560071294
-1.380651740250202
-2.0180474695124144
-1.2735395501226465
0.7650224612711056
-1.0401709521378697
-0.3397301694282889
-0.653682767455164
2.487127887875521
-1.4416791711436785
-1.6335891269676166
-1.7624876833403567
0.6260819863088438
-0.9398900124284416
-0.4149180201959448
-0.8988988563446311
2.5165739360581845
-0.868799616703647
-1.9680505709780474
-1.4999127459166732
0.3282272036053439
-0.8940432536577975
-1.9695901898250794
-1.6416521799281827
0.4658270806673114
-0.92029727661368
-0.047754988412842723
0.2307048229646311
0.13427585535394296
0.05050511730726409
-1.8248843040234586
-1.52326593752756
-0.4182504087668701
-0.5654170987275932
-1.845940606464974
-1.5239468126375195
0.5747433301683978
-0.9990498302484053
-0.15920576492716962
0.24373397561818208
0.01810896723018886
0.25406801181156624
-1.954517798300853
-1.3861652469063042
0.7927052544541626
-1.2497689020430218
-1.8639187348607926
-1.1793634345634507
0.4951144584929318
-1.2308094255463946
-1.9296447259882985
-1.274323758525632
0.29412477787999103
-0.8393742023575171
-0.9609361306778197
-2.1909865883449693
2.0597614653281675
0.5785886114473852
-1.5320370389182987
-1.6734966423012285
0.2742673672426157
-1.393538195202848
-1.5741409309939347
-1.302959124943488
0.6044263606193814
-0.9230546771453619
-1.5505390517786912
-1.425029236744983
0.4013338537823318
-1.0349626879335971
-1.9020445628554659
-1.1663214467889171
0.3434255664772826
-1.3879666001811772
-1.7715067595775675
-1.3183612485688792
0.24763749772238852
-1.1315352942024732
-1.767635112074227
-1.710209335563068
0.4378649996079616
-0.9153280414856421
-1.941398904387876
-1.2765142584342142
0.5588833479430755
-1.3033648253560846
-1.809303453811749
-1.7835574620723682
0.5604335493669232
-1.3821083215986842
-1.9803030031700426
-1.5277214253126645
0.3635217640411303
-1.142938247710235
-1.6082315124861175
-1.2134145609478313
0.5502841058941539
-1.0158368517169079
-1.7216372136948541
-1.2425185901827704
0.43506064407724937
-1.1918425772972832
-0.11239768880126737
0.09277726010718829
0.044651652276323416
-0.07328553667999248
-1.5665986317842298
-1.6938053966767186
0.4464078259603644
-0.8910880358368977
-1.7331292252762331
-1.25807225712155
0.8134472161329402
-1.2857272716913606
-1.5864865749056287
-1.7669878604593163
0.5784019538464227
-1.3993490954186232
-1.8805141936432657
-1.741642692406922
0.7365859968804023
-1.2483062676756462
-1.9885535407392392
-1.5469476671242153
0.6542690250053023
-1.0633986848291894
-0.1995496582349754
0.15989812669343825
-1.176515918458663
-1.2035137396313715
-1.6124206680679292
-1.4705285105206667
0.7029127619024931
-1.2941853523997982
-1.705016837381268
-1.4162140320496146
0.32098715746307793
-1.060934290678656
-1.7870540143140774
-1.7684044449923404
0.4197387101925196
-1.4361630117990727
-2.042482479401671
-1.6111504747003649
0.41450550802726577
-1.35495998168318
-1.779678102679902
-1.3120546077096367
0.6053396704760303
-1.2056800428335404
-2.016619136024357
-1.1949452624775738
0.4388920964034871
-1.3472671249952777
-1.863323051875645
-1.4934976401142503
0.7467011863118176
-0.9900914270616655
-2.4318067149030225
-0.9392816039448016
1.8987120822535766
0.36442058760510054
-1.7156044064990477
-1.3747417869536402
0.29875648488365497
-0.9059621561172443
-1.8628388800821742
-1.2081100466249577
0.569150390323961
-1.2662481966151689
-0.9594749726485374
-1.887985466333885
2.146609848645338
0.028006492054290108
-1.5345636891818621
-1.2237661673043505
0.36916456190014235
-0.9058121687509632
-1.8493939458503292
-1.2736722613689537
0.3712902580246763
-1.0726890876320307
-1.851476742037983
-1.715018552343594
0.6506498842310149
-1.1273147877055265
-2.0075581320156055
-1.5764143037952427
0.34925377275555863
-0.910647519677105
-1.6385302145243004
-1.518448384958654
0.6102647109630988
-1.018587645031125
-1.990433416919699
-1.5846208567215831
0.3645259132201079
-0.9384931544275433
-1.5875205670293857
-1.4521040270188523
0.381602554423741
-0.8978432945949258
-1.5477396443669336
-1.389099981682213
0.38079701460845816
-1.365738649227729
-0.37389338042181713
-0.7950124915394609
2.500042668761524
-1.3394731920727434
-1.9031325342481327
-1.7114258162731943
0.35913469794376507
-1.3393510112455793
-1.067461598010558
-2.0227626343140295
2.00728470311965
0.38001202016784696
-1.955448550050125
-1.3081213310280482
0.29675113515162577
-1.2360056542256637
-2.032795004201712
-1.7397964952107718
0.5696440445042673
-1.3373320855345718
-1.7389777520140064
-1.7364175232368908
0.6205662331629578
-0.9091709980154034
-2.2140221414649015
-1.100601929204143
1.8753104083921386
0.3076032236487898
-1.9672655192034258
-1.2983757026444107
0.5178328401041326
-1.1647410757316516
-0.21109758675572277
0.3209958971687766
-1.2532875876542295
-1.4003723060321875
-2.0235035695673576
-1.356510799721344
0.8020434396547265
-1.3233669342853351
-1.745333034511174
-1.2006145915501
0.7371375622675134
-0.9651335130669382
-1.6461913196062703
-1.223550203299464
0.7053748447323405
-1.1344729329726126
-0.023655658355195272
-0.18976033251870794
-0.2830586006475287
-0.1094383177119368
-1.7347006812717027
-1.5636118982161153
0.24870097426236737
-0.8474526638120204
-1.6757713176557592
-1.5010669825491159
0.2683900697505386
-1.0533598768760992
-1.7093704162187238
-1.4816760104439748
0.6270010944009725
-1.0574094844114454
-2.062892485888105
-1.566765254388346
0.5275040479463884
-1.0854558365747395
-1.9222513273442972
-1.6266466692134607
0.24210564071428897
-1.151592311736872
-2.095719586101267
-1.7227844651729236
0.7455822555699216
-1.315945781505538
-2.435192920288715
-0.844491603414606
1.621849449653192
0.23240967076244046
-1.9656452515744438
-1.4599766980478175
0.6367430320193614
-0.9628303925450435
-0.6927610489803019
0.5939538304537497
-1.2545366499138797
-1.581253130671664
-1.6903637276955026
-1.5407996413990492
0.6972682825766925
-1.4288837566222512
-1.6172655343296367
-1.397095544772789
0.3181617182182409
-1.3935368622100497
-1.730526714729483
-1.1967852975117597
0.7675398214950344
-0.9757142256583634
-1.6407397890798254
-1.4950063950816765
0.2346957537960454
-1.0447398628878608
-1.8074012184687196
-1.3714307284981506
0.6508946640912974
-0.891077693450271
-1.7709527242402188
-1.618720203836267
0.24212765995507923
-0.9813301849155666
-1.7366362195623104
-1.5477112018192136
2.1000388180115204
0.10972839097996046
-1.8488199164897732
-1.5467715836328537
0.41508596965726596
-1.0801532744692646
-1.675917593187524
-1.758751104601416
0.3921946839400254
-1.21922493259656
-1.6309150376875792
-1.6652439897179059
0.5715005309956728
-1.0642043481872248
-2.028975571773678
-0.9390611718696708
2.022329709895053
-0.08449094696618102
-2.1091224586083728
-1.199310269734211
0.6132696332351533
-1.0416234022540911
-2.0958665376358607
-1.5823237131241923
0.6456186357878082
-0.9279850210133646
-1.4127428168525888
-1.782084587750141
1.9856199673679598
0.12599371882586086
-1.8153526575772427
-1.4031518113537929
0.53699963980055
-0.8809140221123294
-1.5552880161812532
-1.538858851161875
0.7049350703820707
-1.0146768450717638
-1.7031145382659885
-1.3806152963199043
0.4817038670739674
-0.9895155593971275
-1.6481756907361889
-1.535610447900959
0.7532146567505029
-1.174725818984506
-1.7748946582717853
-1.599437089549329
0.6317398168595394
-1.148550291779404
-1.9245214637160526
-1.4965528867478428
1.650101446122659
0.17706005363782645
-1.7809267491983651
-1.2095052892993607
0.4369966615054795
-1.1865105389179276
-2.066758391052268
-1.3465577263849684
0.22615378785960866
-1.420664831066874
-2.032217370457165
-1.6178211150892172
0.5705685965758335
-1.2084678632111228
-1.962460177623861
-1.5573777863995135
0.7288170430443692
-1.316868982805483
-1.7849341764392408
-1.2870125036812223
0.6860005904451847
-1.0197386365870038
-2.0129292270696495
-1.2566137240417476
0.3116278091166303
-1.0379603609592702
-1.923093220686582
-1.6927668385055976
0.2525046546373139
-1.0403346921600853
-1.0679452604862592
0.37196820678540565
-0.6968005009646177
-1.8550676759426044
-1.617762825851531
-1.369469091836778
0.7295446402088688
-1.1052050916685239
-1.6143560926358966
-1.4107482128066131
0.7964044349400656
-1.3886346952773914
-1.9820672854856576
-1.5200898034380779
0.4017122577851816
-1.085435022226102
-1.987244685617188
-1.4053602408052954
0.6030834909918663
-1.3848563568175751
-1.875738068298844
-1.6473397458655206
0.8058790662462587
-1.2549048567360757
-1.5749718623961892
-1.757038668758234
0.7706542963838325
-1.069837203058768
-1.6043057708262478
-1.752895608130964
0.8025575457993563
-1.20647665903179
-1.9562022213102046
-1.628509101568877
0.45123093400942743
-1.0044199430785499
-1.7846509310943945
-1.2413318271055263
0.5450816447615177
-0.9205229541144008
-1.8041680630260064
-1.5072715061249347
0.3515284842367005
-0.9150499514777185
-1.9878884988901673
-1.2142501260419425
0.6574952481075322
-1.3310278222295857
-1.8179759649514842
-1.62789553108292
0.28570381151893254
-1.2838546823629993
-1.732406660778854
-1.1899645285703422
0.5761267851897993
-1.090703179108956
-1.615788421123658
-1.7595995652037721
0.6921530104491427
-1.315939757947161
-1.5732303266281669
-1.3943428900750983
0.3080529330127995
-0.9379136931536641
-1.9267595683034573
-1.3544070192207933
0.5228227097515459
-0.9310853725246285
-1.6917987111926105
-1.4362359900849013
0.778524139106312
-1.3500016138318984
0.1005099934053447
2.7852603518319774E-4
0.16813266765730805
-0.11881552635582754
-1.5575911126260693
-1.2706084591521867
0.2719618453402133
-1.4339498014621135
-1.9656893041679133
-1.3279245127831674
0.7610545738468575
-0.9490737484382995
-1.82076273505346
-1.7277538264527827
0.26327202990153936
-1.414823910057588
-1.7484203902964794
-1.4306286582324885
0.29687852347050325
-1.1197575065317755
-1.553341331453085
-1.7591294676662856
0.5000176949657057
-1.316830425139963
0.03325789437145957
-0.07548670800939128
-0.004851768170343973
0.28592979983496886
-1.9919360776642474
-1.2706214649039533
0.6538915998260226
-1.3753777061776693
-1.9618337912900121
-1.5998531042447646
0.6172896221419337
-1.1924770201273174
-2.049367766066268
-1.2373550365949146
1.7779616925335824
0.40473399941410726
-1.5495600257200275
-1.3336003217094106
0.42846372219354084
-1.18711903059047
-1.6856611032150473
-1.7181087630059104
0.2297697297912346
-1.0817960596697171
-1.730912985125479
-1.6076292650410402
0.3119872661304726
-0.9641608734165824
-0.04156249747575744
0.02276249732771159
0.19124096481515204
0.07538338790449757
-1.9840730701517217
-1.7003175478274763
0.6856682543981862
-1.3183095669541742
-1.7191530068242509
-1.2061512326639876
0.37436661306022095
-1.2315083325227894
-1.5593325013892598
-1.2448214862570668
0.26168277537955537
-1.252085554748268
-1.6022279408545739
-1.5596164284265828
0.7124034943882132
-0.8839351790348505
-1.5801843342930475
-1.419469395482532
0.462109331892468
-1.1047704112624175
-1.7189985345173353
-1.73210427058128
0.585453444973806
-1.1007407130544105
-1.450155431297786
-2.0111044104986404
1.7796468932198821
0.2528687342693777
-1.5871201077184085
-1.557607209791411
0.6620939553870664
-0.8650309835906219
-1.5253516875689535
-1.161949339789689
0.30237705967038514
1.504045923417543
-1.7322976546877404
-1.691060685907801
0.2726532574004088
-1.0951685574296104
-0.09297304864135683
0.01916645465057441
0.19478781395149666
0.025113568013690746
-1.8797910242236457
-1.6682528828324574
0.7429411541235622
-1.4060536248986741
-1.965923477036732
-1.7222088327441798
0.5671887728484668
-0.9419527428595696
-1.9068067517515703
-1.227050577183598
0.5446096309234911
-1.3170479793389307
-1.653743323106451
-1.7044051915488752
0.33293327458716754
-1.2186772610298906
-1.5759828054528064
-1.55053693412452
0.4062094866269228
-1.018173817917893
-0.0028003516571612425
-0.02391569848415951
-0.2938548341403448
0.11582714988627821
-1.5911843327372144
-1.6622105283986268
0.764232514036215
-1.3707580855716308
-1.6755989622324754
-1.379161001970633
0.2264573985314539
-1.1028022338135874
-1.715516849751118
-1.394700565401541
0.2953390325944788
-1.0591382327823033
-1.9855072074763802
-1.5878174067438215
0.30582777110895887
-1.1349061710306385
-2.001459799640265
-1.4245918258849177
0.661644396724141
-1.4162588940790628
-2.0010787529906824
-1.4923475964009218
0.5456653537334062
-0.8725793416029967
-1.5818537308347214
-1.6573084285384407
0.3626643024409976
-1.2866263023570421
-1.773862501174491
-1.278779462734652
0.4491526747905779
-1.28933003919112
-1.53113457427289
-1.2555700183307887
0.5939544126495062
-1.0828658582306974
-2.1181995484347684
-1.2010750141502136
2.009942140709292
0.08762370555246315
-1.5525542267836285
-1.4330709295204411
0.7938839751926672
-1.2100671916501455
0.5172133341757545
-0.43140211854967964
-1.1691947086521808
-1.3215525954674692
0.3288612815987324
-0.7087389364051186
-1.018937595624378
-1.56272180343905
-1.9592607077179451
-1.361625407453889
0.29158247353169053
-1.1236994974053152
-1.18435143622881
-2.4083652923459042
2.26811602849638
0.6920773543437039
-2.097106653579591
-1.7349656513973348
0.7208023020269505
-1.4087536735868553
-0.46146469186470546
-0.5237447181695352
2.4335269933577606
-1.2187400876453442
-1.7255885110945544
-1.2444827117208896
0.7187773065028336
-0.9906724208444219
0.11491690359149767
0.06818290800012235
0.13291028178678568
0.0875401237271302
-1.5514332449675612
-1.5889024413189592
0.5098497493074385
-0.955969369698492
-1.8313905303875861
-1.5537440833883072
0.7583960423558189
-1.1674353504091834
-1.9697430996168426
-1.7149411950255449
0.5191659276398706
-0.9985806105905962
-1.5861962841062311
-1.4906029805520375
0.4062211357381642
-1.1226537090235313
-1.6222363058909997
-1.6579425641787164
0.325595253625207
-1.3007153726354428
-1.6324412027750568
-1.369838298018697
0.2761616823907438
-1.0679825518343662
-1.938237621543177
-1.5542869290138814
0.3947661562332893
-1.2617521745981735
-1.7141896944039567
-1.7505137909949129
0.600598447784922
-1.1916718454532282
-1.7327593705774804
-1.3058845424968346
0.30406442491094987
-1.4196644868591006
-1.6555612386154563
-1.6176929166932046
0.4247818854933434
-1.263846780408411
-1.8109076348333661
-1.3988667402864938
0.5513397428401419
-0.9294749434476587
-1.7066220713434848
-1.386541267297589
0.27377480834581536
-1.198085414015944
-1.5872305205079589
-1.617978744240651
0.800310284551087
-1.4019606106606424
-1.545526368369019
-1.5808930313314509
0.520703982986783
-1.3869376092723429
-1.9575307515074258
-1.4720432340763574
0.7403615182902954
-1.381197803429524
-1.9914227830011844
-1.4224834787388025
0.6194629578919333
-1.3042118391025537
-1.5263578148621253
-1.1781188736354844
0.3072370637063361
-0.9706797338624914
0.038269037507120525
-0.11653759160661682
0.21916365805919466
0.2409997956684884
-1.9246758449039776
-1.3231552572181287
0.3386758162564447
-1.1902476530909725
-1.5536804220802796
-1.2863565637931513
0.40836103414298514
-1.1889696629216508
-1.8487344824644696
-1.518750880756081
0.749350042578407
-1.0356043604844503
-1.6592455516940805
-1.4420951719933703
0.2842460082764824
-1.1156967841770917
-1.816530698683399
-1.3145317260109735
0.5223176085230941
-1.1997081609325004
-1.5325950941253779
-1.346101192907417
0.6998387609300876
-1.0624237518122917
-1.9982627044112888
-1.5468997937705256
0.6205376800041742
-1.408290003145424
-1.8235888204932138
-1.5914287428347833
0.34026412073583967
-0.9424653953641161
-1.613231202419505
-1.3072723922846734
0.4867582751463263
-1.3580519709325722
-1.8506100961315561
-1.4035251513746556
0.6384294382513946
-1.0018104604826108
-1.99741298165599
-1.224172007519111
1.6674031371387867
0.426791416265223
-1.539870757686269
-1.2480443007741273
0.6135196484047103
-0.9104786816347327
-1.6961365706311327
-1.6803992269209858
0.5768836008872098
-1.0513227717501141
-2.0204198392303194
-1.394330235044855
0.2906386013172739
-1.2533628285666756
-2.1112769767256556
-1.4498052941960657
0.3564921100858478
-1.307994658651426
-1.731437588935142
-1.6296378594961787
0.6743262397481731
-0.9053803203422494
-1.8790931513762232
-1.5844613149182218
0.6255566523236988
-1.4330184905563852
-1.5694142409023737
-1.6631367721510462
0.5487540088961991
-0.8734723780062391
-1.9364060320439274
-1.5927531460517386
0.23863916670282798
-0.9464814582955551
-2.1008057784235112
-1.409089927819547
0.3019888055275115
-0.8646609236198551
-1.6866012015051202
-1.2832545492260337
0.44990238568983104
-1.0023978578001773
0.248473183324429
0.14665885652057964
-0.12484766679346698
0.11849533072768897
-1.7411317066443632
-1.2251865881563369
0.6071517166015068
-1.2424494128407864
-1.6670531829735182
-1.433329758621246
0.41133199417887006
-1.1054295179728786
-1.9959422565632
-1.7359395321865563
1.7051065474775222
0.3729583170948213
-1.702379639922591
-1.4801118285803545
0.3292350272621289
-1.0612610247370704
-2.085995931560181
-1.2491150621831761
0.6579969599132776
-1.0712504248255776
-1.8751519424700605
-1.547695287626043
0.7236588426878869
-1.3136909821515201
-2.013654661922463
-1.2182029342526828
0.6044786292605087
-1.132962320150526
-0.5515386558704936
-0.900019460193696
2.410346727294275
-0.9519783611085467
-1.556931884729373
-1.3504833228635942
0.3794114573907422
-1.0352008699947615
-1.7141877973784192
-1.3833999177793324
0.27449883707936507
-1.1053091242571471
-2.0238515648800584
-1.4181526448463577
0.758074105116352
-1.3133258055019146
-0.22018041509030686
-0.9549468595099376
2.149027267464177
-0.6530011829645127
-0.31421259512971783
-1.2201067774644094
2.442660161981178
-0.9404186874277974
-1.585261708037708
-1.2768019495563563
0.5430661689016494
-1.1659402256612206
-1.8858723847140477
-1.3109791013012109
0.5440652859806656
-1.1027548911070684
-1.7642218521221942
-1.5970739123655817
0.2602835787112518
-0.873085707262338
-1.5480207652561035
-1.734597336355917
0.4760229276965246
-1.0687385145921564
-2.0261110060284144
-1.4964922228652926
0.7719677056982226
-1.0143592303718472
-1.6567786012484853
-1.7616999738555925
0.5420398996345501
-1.0270409220833268
-1.05656639700342
0.00635175630075276
-1.8550154683550941
-1.074634166723857
-1.7782724901433307
-1.6089072571735243
0.5379917162739488
-0.9277601670864489
-1.5727121535290678
-1.6165809197305785
0.6933494702959524
-0.9600719060395605
-1.8173879138682683
-1.688368313659727
0.7159981351115372
-1.3367260751615218
-1.5706372606869414
-1.3618048431856522
1.9813651454246957
0.5235987189644619
-1.816362384031073
-1.4426431391304955
0.3453185764041632
-1.0237810555607807
-1.647885057516015
-1.4325356976316614
0.7136490080328677
-1.4107330013387238
-1.8063368946316656
-1.7292609110111676
0.6873237832759433
-1.0526788400556333
-1.58935625355012
-1.3907753667436915
0.2861644205316376
-0.9054682091806617
-1.6806668387588322
-1.5415994807433475
0.3896426537708359
-1.0238527906408261
-1.9780367077197085
-1.232308662282377
0.5898839185947828
-0.894119926726893
-1.2251106951571429
-1.424997490240386
1.8140408210113694
0.39323450706242036
-0.95578596990148
0.375238263198657
-1.93191679472885
-0.9258171899178195
-1.98145871767798
-1.3132214341248516
0.43580032945530217
-0.9138292169554901
-0.10958686467360314
-0.14797040392907432
0.09217074582319326
-0.2454536345116507
-1.9055273700079045
-1.7591714869987596
0.7096840431777771
-1.2774077892944238
-1.8504765310343076
-1.4458519180797005
0.44233571318301174
-1.316507161803073
-1.6726595182293935
-1.2334563387240451
0.3072494599418897
-0.9469761712645764
-2.677997203425583
-0.6816237785396458
1.6005121679308487
0.011568922828712804
-1.740541623697593
-1.6684174491075077
0.3513384535214991
-0.9715560354425522
-2.1203796498768592
-1.3696814299775402
0.2559600724744883
-0.8911086931908571
-1.668044341049646
-1.5884888160242356
0.5402185285414516
-1.3301137386795145
-1.5468961109447532
-1.6486416473174101
0.3915218274459357
-1.0435332085421376
-1.9987137084797713
-1.3545627603701764
0.34031750754891843
-1.3546226637441023
-2.070646426854706
-1.3748193616595685
0.3735989533812124
-1.4278428657575388
-2.032816452033363
-1.2789353259956882
0.2197841625857006
-1.3340479216730996
-0.2130022026831698
0.26224110123122424
0.06146683321661331
0.12469801655871779
-0.4693281440857083
-1.5718221041079405
2.2390499131782065
-0.04749865146871804
-2.1076466058663743
-1.7297433044981048
0.3843005816730253
-1.3902962550078293
-2.033303378375673
-1.2061355118364772
0.6770034004648635
-1.1492277238462334
-1.9114229178689932
-1.2171460518584614
0.6122659509860389
-1.1761547295954964
-2.0871262413127605
-1.387972247347479
0.6916008586128317
-1.4274210091344757
-1.5664510713914552
-1.4380991072906
0.4761005928756516
-1.3647630350682498
-1.546496214337429
-1.738497142189703
0.3493134915047315
-1.3844060734032686
-1.598146882257275
-1.3173966575059697
0.5884515418895728
-1.1571940408404715
-2.0066077228515145
-1.6608677025104888
0.29588053440681994
-1.196345672127387
-2.367699097809398
-1.0002235896297595
1.5569636870114723
0.42602991786868316
0.07271771103324834
-0.266313454690029
-0.18907091970654882
0.05270383537824452
-1.8941393838182181
-1.219652475452197
0.4566307409207746
-1.2564328135855922
-0.3060080787878837
-0.11676679383248874
0.870082175534654
-0.9019849492118542
-1.745231110575625
-1.6365737811723113
0.45177346142619973
-0.9464160444258297
0.04992849086810294
0.22274276837097634
-0.04291762708505472
-0.04870234629144902
-1.948226089698582
-1.534061736425773
0.6952309874195293
-1.3261649911157694
-1.6196007087521491
-1.6798963202457362
0.5523695153342669
-1.3645467484171652
-1.4656829597792567
-1.3693930583319436
2.1737573416519638
0.35162120921533224
-1.8282367043542052
-1.5714466967012275
0.21750711668286143
-1.0957127731417573
-1.8274883953711893
-1.2859937379776547
0.5376890791894339
-1.0983975898790923
-1.6897839723724952
-1.398482671084311
0.6707867074758456
-1.3552265448780205
-1.6713149963747922
-1.2682328186227976
0.3926364908534156
-0.9396935641081495
-1.6454724216035799
-1.2682708544507868
0.6482218685497687
-1.3841344024181503
-1.6214639028214024
-1.3803312251909419
0.6982544663904435
-1.019549489310276
-0.29294796302480086
0.2495898325065603
-0.21256516018682187
-0.10876752614084322
-1.7958756258462167
-1.5711994115241124
0.6342930121617711
-0.9699332849558339
-1.9027186678427936
-1.3733830413804171
0.6476881870056224
-1.2433672540295315
-2.0404675277776834
-1.2741354151565756
0.5261797809504831
-1.0633648255127561
-1.9279140837067437
-1.6108992552384656
0.4558295385584876
-1.1195774553307176
-2.0893146241306293
-1.181867708274116
0.3399959136674362
-1.0396215529405777
-0.7811564035091567
-1.5710093324504486
2.32349160379274
-0.1438919997848476
-1.7122897042230547
-1.4113176236562177
0.45659911571853273
-1.0526357030418496
-1.930494443321121
-1.5421908578000898
0.4467057024782655
-0.8751111298763273
-1.5274977344333842
-1.3231846670239014
0.4322446431778815
-1.2875554931818138
-1.68769088976862
-1.6311687882986419
0.5004778159343398
-1.2754594269802748
-1.7993574969368469
-1.4634806258416269
0.4794058753365379
-0.9701620850438776
-1.9452818072897804
-1.383178255190525
0.5718917496554284
-0.9802140230179964
-1.7011117290711453
-1.4490448574368198
0.23988802299025058
-1.0527801313411347
0.09245645568041502
0.20221551792185877
0.24755729088230385
-0.11568687781804016
-1.9131144400614017
-1.3340806057558616
0.3034238918262764
-0.9799193832803094
-1.7334165321539508
-1.468012389459133
0.3338287917554165
-1.2487073447226826
-2.0039886417690718
-1.7022922795708681
0.22602354349881354
-1.2353700356273782
-1.923594789382098
-1.6181722807924028
0.27048282707996996
-0.9833417208238594
-1.7290204961814726
-1.3635577663345966
0.5568380080398203
-1.2185450269894615
-1.642012748956911
-1.4671844281161424
0.31439044453310944
-0.9871483942846767
-1.6292134383575019
-1.358505255893195
0.5715388239322478
-1.4079353860153483
-1.9895042364915367
-1.2892711886017596
0.38411225907678925
-1.3155975601059928
-2.1187248546487423
-1.302866208581799
0.6647860593097974
-0.9158227897992516
-2.037896186018914
-1.5162820106970112
0.7314947044847602
-0.8629422527833485
-1.6613999570252758
-1.1388217328109798
0.3599676586940678
-0.7314285270763762
-1.8259576698989672
-1.5856397346083855
0.6309738328723526
-1.4253872892507
-1.8648465598581474
-1.3946177134076816
0.2624888965055178
-1.3859088030625553
-0.1283243076855723
-0.35162383325446994
0.5784735797515095
-0.4223021827887984
-0.10482023774935952
-0.1951544930172707
0.20481556480567628
0.01652064193019167
-1.9726144244854216
-1.057778433626826
1.787099336998868
0.24604238838752412
-1.6719225806630984
-1.6464940568030713
0.26018507934234963
-1.1729868322143793
-1.5701090595145346
-1.6414522613255396
0.5499043806516397
-0.8691775364722912
-1.8429367526083227
-1.630750647924138
0.45575916998329014
-1.3321485178459411
-0.2329937700820955
-0.030238735799510297
-0.23968992600240205
0.26492307269342097
-2.0145966457324707
-1.349962416995149
0.30994614663219894
-1.0011191673893827
-1.6947922957415558
-1.7373238896187206
0.5404487751971729
-1.2747203580368545
0.2181181611423832
0.2603807117440208
0.07279758235921445
0.20942935714547536
0.02063232214269127
0.2237620784764737
0.09220263060621119
0.28762722600135804
-1.983659700912543
-1.3317532920708994
0.3616188446152639
-1.2423268756832397
-2.104615506808037
-1.1947840160073295
0.35362773412234366
-1.0532667181765172
-1.6636732470970768
-1.2248334946117478
0.5806983836273529
-1.3987659928738272
-1.6520415936010417
-1.7789559728521736
1.8104808629079678
0.4920448985209991
-1.6655132056572044
-1.4560290738001271
0.6670298901757135
-1.1398636461407337
-1.6988336523649457
-1.2979363028717812
0.4009483264184853
-1.2514603736238061
-1.95732974743426
-1.3615923940136887
0.3643626913911055
-1.0488820965143615
-2.0416247415618645
-1.6324005340517027
0.39608110664398677
-1.1159211324776035
-1.8204535816767224
-1.6571511871988824
0.2235186294041575
-1.002148037827382
-1.8393059229149276
-1.6354465901813982
0.7281245199378081
-0.9578868331333111
0.2313353766810373
0.26550438444425434
-0.058707464832475326
0.10707504350215155
-1.8710117916115303
-1.3171183634014971
0.2378910762086836
-1.141284693640633
-1.6963445997000712
-1.2209126682596223
0.2680915618507218
-1.3495231975191784
-1.7498774873313985
-1.2302079446718954
0.6805876006424909
-1.3058579092357483
-2.0917256624945404
-1.7488664659834647
0.622228542150755
-1.0274383282724464
-1.838576057050454
-1.4954958312970417
2.1157958342337397
0.38592348001009014
-2.6044604461616574
-0.7067651490594064
1.691404751129658
0.05569812751679525
-1.6994132907138924
-1.428890951305829
0.6505476642042429
-1.0010114465196016
-1.7326571704703473
-1.2208512931780982
0.2701915207195713
-1.1976646414960266
-1.9013299059694724
-1.7120499324453655
0.2207945935930064
-1.100788655941147
-1.9274521891907002
-1.687715651822751
0.44634519818565904
-1.2578141558789533
-1.6901311431973536
-1.226698490964269
0.2318578095043739
-1.0473953852318867
-2.059844968058402
-1.266590231588553
0.7393391673249348
-1.2582878045731738
-0.12584740765027294
-0.03592641161465402
0.23419794348851566
-0.01347374156641939
-2.012399328268259
-1.0432602233384123
1.8395303284692286
0.0074977042377487105
-1.9861137632563182
-1.4878638910565363
0.3245052545393917
-0.9300938474477284
-1.734777727805809
-1.549567245752933
0.5294654775924628
-1.0564536019557882
-1.8507522523663482
-1.4675744771973631
0.7415383081511122
-1.4034140158328143
-0.7244898392017706
-2.0594544401243597
2.0365215939032817
0.4967881152759107
-1.5382092921693884
-1.6114659765979533
0.4361719296765037
-1.0071019907617633
-1.6035568824304711
-1.4005791327058188
0.39212505900239764
-1.4255639598175587
-1.9212287660512204
-1.4183357407433554
0.5588669453942421
-1.3661322336525472
-1.595541648832858
-1.3395400102575532
0.7375170945230447
-0.954167631526699
-1.8352704679191936
-1.508656039677744
0.5168100159469515
-1.174402074807892
-2.051899838943376
-1.727184528940106
0.6471878282285137
-1.0934461780274514
-1.8208376016571042
-1.204804700296615
0.7183187921470879
-1.3053448963380188
0.0781613391688086
0.146304593801836
0.030240865599716067
-0.08962774797798545
-0.5084262782921406
-0.5320495616061309
2.184264271980754
-1.4434049454998683
-1.7845072735307492
-1.5511384844988974
0.6569629040919529
-1.1422668705657741
-1.7754634079091773
-1.7011322450302568
0.26236331678061714
-1.3766754908610255
-1.9888923611676792
-1.3294511797279585
0.4664659081074215
-1.141921553220066
-1.52489594828138
-1.5587797989884433
0.24272329319525165
-1.0488633796721312
0.2620366478937359
0.14419813358292521
0.29515002202101787
-0.09817832433752578
-0.02817271987991481
0.08406163580165091
-0.11226517436840137
0.04098248804815431
-0.6505372624083747
-1.6534901180754094
2.1264805461863237
-0.025093758381994784
-1.0763733662863306
-0.044915304378445604
-1.363661013606058
-1.1224734434467953
-1.65359961574165
-1.4204606947245304
0.44609325696833585
-1.053414178379831
-0.17178430305775036
0.08527850859874338
0.03257309386311466
-0.10577420046291593
-1.8690696265513345
-1.5943903754073447
0.515761744087438
-1.0386173324640389
-1.6520323831739159
-1.6926659261986625
0.6245024655152591
-0.9845387898068291
-1.7049430391481248
-1.5289851715336986
0.8086697942125385
-1.3214115930608827
-0.050167763513680526
-0.7891056284015298
1.2636725746984083
-3.115324020258263
-0.030308683996680418
0.14578171881556096
0.007264919124694818
-0.09386114303756454
-0.128661762173229
0.20198163365806596
-0.12893046201377895
0.2103647591731312
-1.9751929937698103
-1.4446852850738328
0.29919545437391987
-1.3835187701752352
-1.9317382252298332
-1.668076092110667
0.3232040548989913
-1.1133730381308402
-0.2547263614535849
-0.03024371614386044
0.03207676824182536
-0.21542313392192902
0.2751594650295243
0.013344550464099127
0.016055505778736295
0.06781481131698491
-1.5975501862370476
-1.6370172640679999
0.3572215044945328
-1.325691513016035
-0.12945851328934566
-0.04044637089807162
0.134354736251895
-0.014432397779860771
-2.012631676167961
-1.6852645423897135
0.37043184430287723
-1.3406394385929183
-1.6133843656436935
-1.2551019134645476
0.5862787235476636
-0.828571452222436
-1.5942113610156285
-1.2839809364596582
0.3164590245760271
-0.942594165684827
-2.0629285769887877
-1.5132764908412109
1.8650869789874176
-0.0439821835323106
-2.6644189078950795
-0.8290706229958348
1.5984866228240249
0.3369635300677367
-1.7133810697236904
-1.5214067171037193
0.4609999574042773
-0.9975847828402004
-1.9272681866886923
-1.3637430225654965
0.6944976309197255
-1.2724016550238233
-1.9464267998116611
-1.2806532311630812
0.6584188512642024
-1.0014794770509636
-1.9982175235173458
-1.293834999443611
1.7064751178166677
-0.03039462518514679
-1.61003036575159
-1.5262049038619383
0.2233885729365887
-1.2002084199651928
-2.06314459491413
-1.7514315582639313
0.6535236572826608
-1.3702574857228684
-1.6396161435303647
-1.325027515648896
0.2333259949327981
-1.0134318184475797
-2.075526046674074
-1.4206507936164579
0.309529703451418
-1.2342888550102291
-2.145312989282224
-0.9821626956080344
1.9691444096403443
0.15866523707106528
-1.573765714292453
-1.571101279601385
0.30026283201429343
-1.246205188645193
-1.652543851143899
-1.4946400534997226
0.4623269950194619
-1.2958760668952833
-1.7378360087840625
-1.2985684883667652
0.6726981594554591
-0.9770291654857844
-1.3217895398275266
-1.7316972455954365
2.247390345729657
0.42629541941615
-0.08589661297048522
0.26459923525625173
-0.16400071544432662
0.09392155024492345
-1.5755251826298906
-1.4827037814013393
0.28472944771415043
-0.8440127934031175
-1.8325330095328796
-1.7042721137963757
0.6107878740165675
-0.9444997530455103
-1.8151957109446695
-1.2314353696007874
0.659587708951094
-1.054405053711037
-1.5376659023181745
-1.7091705179299506
0.4460331237232609
-1.184348273853654
-0.002426356390657444
-0.1987941780502975
0.22578531570826535
0.1586277071054251
-2.034636544998576
-1.2673068832792365
0.5097411926663995
-0.9207185569519373
0.4327329757698436
-0.7926241519959257
-0.9847641939858646
-1.1162438969265267
-1.5524315095721315
-1.3768125535706386
0.5367656326666953
-1.4223911509216518
-0.5412235179770494
-1.7716803257918268
2.420042167314483
0.26214531615744097
-1.5919385610110712
-1.279264098963358
0.5765845373554712
-0.90293837124502
-0.01960404079250644
0.09189066133792784
-0.12941847074282276
-0.036647372820554545
-1.6059290554203436
-1.7267367203198163
0.32395199952053944
-0.8860397566093962
-1.7427261090764525
-1.1727908447664341
0.3453690108454447
-1.3304594387958988
-1.7083837370937567
-1.6230106179997208
0.5414256160642192
-0.9665332993616597
-1.471622403161399
0.3806843272427539
-1.882873175936108
-1.2629068024496248
-0.2604119410251485
-0.20257239001603697
0.017449028554091025
-0.12557345984009843
-0.7275445612037993
-1.851108143389056
1.8486929108972285
0.6608739359616068
-2.0377489633763766
-1.4781769756512606
0.22823419051759014
-1.067286750263514
-0.1710071199921303
-0.27384957026086487
0.2538587989487721
-0.011501470933873601
-2.0292997775412793
-1.7032872658775784
0.436755195009432
-1.3616237705783405
-1.7376515607641134
-1.761239479843568
0.5159242327351599
-0.92486394777409
-1.7309219005240863
-1.4836660036573392
0.6602790113085928
-1.2114005060322224
-2.1737453165781377
-1.4253631643462494
1.9968170973900108
0.305953158600176
-2.0919981767737195
-1.6691730723828309
0.8027645893607809
-1.433859848010253
-1.935149815801318
-1.368127939252385
0.8020666283387496
-1.2078763031333395
-1.9152565003064472
-1.4392133040544453
0.5768172656924753
-1.0440332639271583
-2.0658343128318055
-1.568552561514921
0.4561066457472607
-1.3414458677726495
-0.22207915930219413
0.13198478776366462
0.21432722386606423
-0.10095859654220911
-1.7896274103891665
-1.6526219771610158
0.8030243021049981
-1.3134626736162247
-0.19145687730034058
0.020184856338187288
-1.7334090663545603
-1.2567468364395384
-1.7270450649836624
-1.4613001686446803
0.5064943691446879
-0.8376749206427835
-2.113004496518722
-1.75865380057178
0.5123274955124069
-1.27155799814451
-1.9988395923197095
-1.4981694656971964
0.5150169227560666
-1.3094749173454592
-1.5574801348219505
-1.6495353363278695
0.39567170224754344
-1.1694490150502792
-2.104949692585864
-1.303218912316592
0.3625993289171356
-1.377545326661821
-0.5290824779450017
-1.2902691241099673
2.43417782009059
-1.0989850115214772
-2.04670158454592
-1.2506030555389471
0.7062190145298426
-0.9674365583362673
-1.625931894418704
-1.2951443004575485
0.39206623200859875
-0.8425489810516854
-2.0022895856852316
-1.2335487760627866
0.577321835004811
-1.3286397426279677
0.2142783515706028
-0.5616233691286667
-1.0586782515929762
-1.4739075862934472
-1.7612274015219778
-1.551290273624651
0.5371841018498248
-1.3760875939322006
-2.0783378797571466
-1.3968127690843317
0.3286103608390773
-0.9684990600423201
-1.9865639244445634
-1.5212496906216093
0.4380124668989303
-1.078872131261637
-1.5915145585101556
-1.7278903890042556
0.3548264068154347
-0.9395245396523947
-2.1146376424613966
-1.3704431110894095
0.42317353989712103
-0.9193593126522418
-1.7788629780555025
-1.6524255197949576
0.44673346396972274
-1.062887720013882
-1.673674309111639
-1.2719363985944123
0.29676515950724924
-1.1486241660590801
-1.5481869175156802
-1.6936068575832286
0.7869750272327094
-0.9773699529350036
-0.16261131917180185
-0.04989869529607344
-0.2557799864635223
0.24132960584135676
-1.9968236203831027
-1.2993109740494504
0.6112426415274117
-1.2164195799103945
-1.5253255086457216
-1.6032290440745054
0.25328256554455314
-1.1577132647660022
-1.57872036193206
-1.3762388762047966
0.4114349705579952
-1.1403668593267435
-2.0075842851005326
-1.3043553534223844
0.5593572381388232
-1.2424903897981505
-1.637604261166691
-1.2949146500442843
0.4078431504051392
-1.2122814868029694
-1.9988423139846159
-1.2015105678267421
0.7028734361767666
-1.3333367969070495
-1.994406872694614
-1.5768539562596688
0.6738854946557327
-1.2901454970148636
-0.9651973293995646
-2.0592695491059496
2.294010078286601
0.41886456211006906
0.29151929083444467
-0.25228039222211074
0.13387110800586607
0.28316483251453467
-1.5555906311756367
-1.3534481676392813
0.2563802248366109
-0.8521882667306869
-1.7238997654617583
-1.7187092142145177
0.6994569260585695
-0.9780342437863426
-1.733180348915016
-1.5543025555311283
0.7693679348426028
-0.9984778387484011
-1.939985843595897
-1.2516397378349358
0.6759778859091622
-1.1147696451010702
-0.9461120541933755
-2.185117742945355
2.3412611806817822
-0.07724815347888439
-1.6036919238549001
-1.7540664327648194
0.3658736841924121
-0.9168320089649952
-2.097058611255099
-1.4755394750298791
0.249018384057466
-1.3386881839634808
-1.9238400500858002
-1.4632701685770257
0.6244799970931931
-1.1008132014394054
-0.8469823727118341
-1.9958974768965472
2.3738772074554833
0.10324421130095557
-1.573224273104111
-1.5603486199458043
0.7284723975230301
-1.30708274164864
-1.7682029338271756
-1.1970104827551413
0.7540227913389106
-1.229903947339029
0.314182106625045
0.24702498187490834
0.18798386573017503
-0.10736047283477036
-0.4113972635937381
0.22205947767275844
-1.419211082584084
-1.3975662707311414
-1.7465100283654866
-1.6441588700527263
0.38352523080733547
-1.4311734560912768
-1.8761610367242492
-1.237362447312946
0.6005468204084099
-1.0573653144134911
-2.1413866470218905
-0.5458278786341633
1.930240789032922
0.17601497524725906
-1.5370895284672295
-1.7035888408660462
2.2260653258958047
0.6234786112333345
-1.6000630013130888
-1.3213966501732712
0.597492572786569
-0.8878391798748421
-2.042861298287388
-1.7712579413318343
0.8004957073231049
-1.2079550286281542
-1.8284008942582894
-1.6162969131312774
0.2909910124614117
-1.075861391728991
-2.068516510953887
-1.3878405871828778
0.5212079984732061
-1.1263665252277077
-0.3314276258933793
-0.487360435697207
2.1149759969671353
-1.2098110601950223
-1.718026375548623
-1.667363938578658
0.5739342625087117
-1.2539836773814297
-1.9587069153202736
-1.1829173305124414
0.4072901234504842
-0.9776128384033739
-1.8126710914643454
-1.4178446562218798
0.5605048471443221
-1.43595726499226
-1.8954049226572027
-1.454286072353551
0.8009923935952299
-1.3194511836114924
-2.0738089704089107
-1.4128271728217219
0.4502110490938956
-1.3548383021319026
-1.6368638303401513
-1.528385254227474
0.7088258678490731
-1.1860564430959117
-1.745680876539128
-1.6979636109474883
0.5902407837241239
-1.2726559837842937
-2.103007771015589
-1.7300709590843433
0.7382013896281994
-1.1706692568790655
-0.26286529592951646
-0.5362533263243434
2.1182262534926095
-1.2725668900379419
-1.1080162051295868
-2.100199280869232
1.753693966793946
0.6205002470404589
-0.2180298384720641
-0.08329683704890467
-0.20226037176744652
-0.09117852363291824
-1.7144153574722327
-0.9211110564976981
-1.4950852121877272
0.2021441743209843
-1.5494830229554455
-1.372498690945579
0.25249884061935396
-1.2788664847145954
-1.2992728707626917
-0.018234551707974715
-1.752091647962294
-0.8778119354361564
-1.669492193746907
-1.568748129627734
0.5006716650582669
-1.2385305246597695
-1.5774636044971073
-1.4912727653828044
0.4118380847985495
-1.0779098969342977
-1.8851049895007606
-1.1916033201213065
0.3947267780457719
-1.158370740830426
-2.0311867100975176
-1.199420678726985
0.7726777232491404
-1.1674300053181408
0.17433145095353264
-0.12503787856201815
0.24960722134474936
0.02021624582860781
-1.871255039678093
-1.4185446978527998
0.6950079987161897
-1.0319534667704464
-0.20069903583346935
-0.051023872104170385
0.23867390264764232
-0.03454144395230162
-2.013517223770582
-1.3648430790919632
0.2737146433673836
-1.3595413385951736
-1.9807871362326446
-1.357596029813131
0.39204378979108195
-1.2781507175269562
-1.70306203787419
-1.7128441268827472
0.5147712408563228
-1.084681110821882
-1.9171429716437456
-1.3261398076250415
0.5782496030594988
-1.2079399754567635
0.003527489590425578
-0.2023997429678108
0.09719873996809136
0.008436287335741722
-1.6489339426163876
-1.6001157236560457
0.6608604572588845
-0.9304779199781025
-1.5903251562326686
-1.506776454781777
0.7718281914966028
-1.1367633659457648
-1.5961636079872727
-1.4119172830691409
0.5411101276656567
-1.1645306617726165
-1.8675873388977822
-1.2172972180355477
0.40482100830333323
-1.2021917442810564
-1.8594216857545112
-1.2739879397005853
0.6153051715934346
-1.2660107871064261
-1.5235593910181882
-1.430974579727729
0.5122085093772848
-1.0846054562313208
-1.7871007566078845
-1.2853651556537204
0.727274525313574
-1.1257465890633587
-1.705310367762975
-1.6484061316977712
0.44013371897524994
-1.3265835854228942
-1.6948261551092192
-1.6903864876942096
0.29472638717305155
-1.371329474852242
-1.6052552074720272
-1.242557818451612
0.24118133662670738
-1.1329208303824532
-2.018938185198143
-1.1934264193479254
0.27391673223696666
-1.2654176350934028
-2.099670653946918
-1.48167930663052
0.5486145500764548
-1.147653765891146
-2.0569765126006394
-1.6955251537817277
0.5152759630057082
-1.403602896370352
-1.7838993369447174
-1.74014420091667
0.5981862549643842
-0.9523420269491779
-1.0666138801624765
-1.8896212022071612
2.3456228287106167
0.3722007818254489
-1.6770482114236667
-1.403445202640255
0.6972590982278866
-1.2414930041864667
-1.782178910063772
-1.235111856056673
0.4041925326662531
-1.0186306371774605
-1.660279141813501
-1.5777717024332818
0.3858567825322917
-0.888724123535101
-1.6290238844421356
-1.3813674196203027
0.692861647002506
-1.3590880810103447
-2.224358938964078
-0.8082103771500452
1.9166873099494435
0.27382264267018996
-2.0658451941519598
-1.3318283289109634
0.49104975849904886
-0.8478896047847008
-2.1062214487261235
-1.6867615648365148
0.4186397766764798
-1.159916733008254
-1.5302515955832572
-1.7603065622096763
0.36618547593862016
-1.1153872792489852
-1.617662347950835
-1.6399967524452626
0.8025837042037927
-0.9303026726333857
-2.022916572219344
-1.478701063613924
0.6132587997877852
-0.9678450839320606
-1.6236978479055542
-1.5190546083181586
0.8077898067617237
-1.221702792275769
-1.1450147619038118
-1.201033009878596
0.03090352559519298
2.0739308152494855
-2.1037318770275695
-1.596410084496347
0.743357951666969
-0.8773614315529586
-1.8517792699442612
-1.3512131944774155
0.3898473119657834
-1.206804420007324
-1.7608590786309217
-1.6480312801445902
0.5194783574997606
-1.2675336760226952
-1.7871751690724977
-1.7388359580402077
0.4336553912677608
-1.1321178822797913
-1.6901703203774034
-1.4929592305673844
0.2646977922013029
-1.343695074693937
-1.7234897681953814
-1.2196251497595123
1.7717977819976518
0.422500837898766
-0.12500319561301987
-0.23198235348352686
0.14773661778391944
-0.2644665768952482
-1.999114081203778
-0.8883582641853199
1.6763956657978918
0.38823192961411723
-1.7163949282601099
-1.2144477259846296
0.6485812157750133
-1.1854362830272938
-1.9197605768413357
-1.2442287405068166
0.7020610775295331
-1.2329363233432384
-2.0276724730750004
-1.2286180894124379
0.27265677055799364
-1.3366013886487231
-1.8089232762380036
-1.745935364293172
0.6907165158526194
-1.4160674245832876
-1.9766883153510362
-1.769547045262069
0.566925261572782
-0.8821253802743926
-2.118811940905386
-1.3465075768985648
0.3715102483222771
-1.1649355451654408
-1.9842649914357984
-1.3432244805385072
0.5534836718606289
-1.405813503796891
-1.7679501917195473
-1.240891700232951
0.27595524193517895
-1.2436423237266208
-1.7237643702990004
-1.4263243957355873
0.2656315300766529
-1.332006055654057
-2.0805397740807736
-1.7127432918198708
0.6803997604957499
-1.193732669958413
-1.818307333952918
-1.194883220727502
0.7654526426218353
-1.3795142107004719
-2.003198296817664
-1.5701802216546985
0.4258082579751137
-1.016496369024289
-1.9554706889803048
-1.4301177719436602
0.595730272173755
-1.4341410203423364
-1.5511556021563395
-1.401378010532011
0.2990037265458691
-1.2969982661455641
-1.9577929133310423
-1.5150241250110406
0.4540074930183989
-0.9141642713866988
-1.7553906975753484
-1.7342222253630195
0.4778287147399027
-0.9237354687033307
-2.11728162834165
-1.3394841843007121
0.7543095723488256
-1.201066485291605
-1.8941908996722958
-1.3633200631760483
0.3731391310631794
-0.9271338801160972
-1.5413980621926764
-1.667164329336017
0.6311870749316733
-1.268015993147458
-1.5109612885522106
-1.740795480384948
1.6838669148299186
0.11178563384737639
0.17279635324283532
0.22619396632505748
0.06203672825218557
0.19833615030030785
-1.7703824235020273
-1.2256989338240167
0.22024387836376208
-1.3399459937930245
-2.011081458817204
-1.3825334917344692
0.511468992057867
-0.8665467939694219
-2.009479504926264
-1.3913079222443594
0.6261054228153473
-1.1222890266949068
-1.9804216661291125
-1.7030547986486086
0.23801424288769274
-0.8851958321648435
-1.579945900968696
-1.6454902561871454
0.3077908578516367
-0.8470588819016472
-2.0124834661380944
-1.3680704465758273
0.42355517055660874
-1.0979729545660766
-1.8640549482137567
-1.328959135519156
0.43191730895370745
-0.8590707672766443
-1.9781101965366936
-1.570137325218217
0.2844487920462495
-1.1033852928400598
-0.05367862872336432
0.23165246926040556
0.18090298594623927
-0.2713230813993811
-1.7121209223745963
-1.5035669534822347
0.7680558008380687
-1.269551162077872
-1.5438737474305766
-1.7128457142383369
0.7855907208835635
-1.2688800957305342
-1.6043056188393683
-1.6229550795889078
0.41254789226935135
-0.9157881860598399
-1.55137936665245
-1.4580673946951423
0.7843106144147658
-0.9391966446865804
-2.0859440475897064
-1.4388648192067492
0.6279857506427813
-1.3168602906196385
-1.7438455780063933
-1.3832518179202071
0.307810892956546
-1.1823568498628174
-1.5170219250247727
-0.4047253386775416
-1.9925821481404742
-0.651943417453329
-1.9484102353037862
-1.323177099682897
0.431267287282978
-1.2195844070646187
-1.6700056950435442
-1.7287308092571394
0.27978969734559433
-1.419082623424229
0.07072753641878846
-0.47577561454083733
-1.2977675223529082
-1.1356941898810535
-2.0227549804160123
-1.7617092362371005
0.6680712138179028
-1.1802448891093649
-1.7945686094343376
-1.2173707560745373
0.6742103806559321
-0.8510133691843348
-1.9908596750934855
-1.4719339142767371
0.24656430213991487
-1.0782051797538996
0.09431304509048662
0.1136694254407726
0.4838808981296576
-0.2655431403237776
-1.1802356125803781
-1.2193026419966937
0.977134846365912
-1.9241097515325096
-1.6917626936439736
-1.3022962801483764
0.4592729483468338
-1.3782665879810032
-2.1178564204547006
-1.220090645981451
0.7239192636386482
-1.0318994584779033
-1.8719667551444115
-1.673332731177893
0.544257801185628
-1.1343519541473883
-2.065435174446271
-1.3109077946252772
0.24320033876009428
-1.4067833232826255
-1.721954669385382
-1.3456651140282394
0.6065055592354833
-0.9948203025382342
-1.8628615267637514
-1.2273330977063939
0.5091872576602123
-1.069281104611474
-1.644242543032456
-1.2831225127929935
0.4310885066904527
-1.3741086912096379
-1.9369269075855198
-1.5353121292666023
0.4847898522685711
-0.9011830813455882
-2.175819079342436
-1.5515424619413214
0.4234076680595078
-1.203607974396851
-1.9112277235831918
-1.359164162368828
0.5144850929232272
-1.269104296084391
-1.8317791954749283
-1.3183124222982232
0.256334390919654
-0.8530340409205649
-1.7794335072100673
-1.5063511324913144
0.43067317953648626
-0.9979649069509969
-1.6473160735554258
-1.2423312223879517
0.26894818302040613
-1.1356548464646434
-1.8312379503021345
-1.7069259454955212
0.22048171860131965
-0.9033699676609782
-1.837577837492757
-1.440038178970852
0.5848801198232509
-1.0978022794360245
-2.103347792685036
-1.5613800735764642
0.6776660356322544
-1.3135639413359648
-1.9263965220678223
-1.2845962513808664
0.7217870244186106
-0.8654681261148954
-1.5637220389940159
-1.319360938495375
0.45258857495747457
-1.4249745045813444
-1.6977792604103987
-1.2859910239449308
0.30529184177640734
-1.1976390239803836
-1.551327513545032
-1.735793626647393
0.39398898961491174
-1.0530705902918402
-1.7460661163485338
-1.6650103699128873
0.7017124143338052
-1.1865876275855263
-2.015380393712999
-1.211199619223086
0.3281724344184617
-1.0903700573433959
-1.9150791881000768
-1.4705505645800547
0.5198113538520686
-1.2108436351010123
-2.0537477618570392
-1.662511557939973
0.2676897567610588
-0.9343952128453591
-1.5529259646349431
-1.5814189701120278
0.6257430252846785
-0.9533403920810973
-1.9482648674275858
-1.2706875742477626
0.5454648442365126
-0.8469345472995878
-1.2160905965329987
-1.932779485124149
1.972557887172758
0.3921781598787031
-1.655687712741218
-1.5234607827848716
0.3056164615044882
-0.8689909778044324
-2.02662595807396
-1.6048607285270668
0.6942914345731044
-1.3009526544948828
-1.731393163998781
-1.490453160622608
0.8011738270295468
-1.2977977190302123
-1.8477325364936927
-1.1991029046037809
0.34712899881266274
-1.0404505432209321
-1.9008178930796067
-1.7106761745190482
0.4707113153082809
-1.0099479971555279
-2.1156644593308416
-1.4501295990900898
0.2200227629272335
-1.2288367942584417
-1.6433234211265448
-1.2401798607225505
0.5694828856129527
-1.3116186311340694
-0.20725433398556803
0.07918803113108834
0.19757441511441803
0.04366901692207009
-2.161548671466161
-1.123849551549581
1.7301069006538299
0.40820934670617426
-1.5882834523642355
-1.5704441064603267
0.5762852926024853
-1.1705598393506353
-1.5748239879968429
-1.7213107385783515
0.642965423469334
-0.8765359014537507
-1.9956291883294872
-1.449454187403428
0.7403300281183849
-1.3150296004129955
-1.6873467447732562
-1.769784444702529
0.7600208705847622
-0.9445480299187387
-1.7640939826781645
-1.715346628227955
0.6235266058322535
-1.0922038005197083
-0.10367988753312438
-0.1570923143214374
0.26196902631133784
0.2820901501019689
-1.7468980025270961
-1.203052655458538
0.5391513883782685
-0.931506573124402
-1.61715597788199
-1.4101266582387904
0.5996827725928349
-1.101708844760773
-1.8686150029488102
-1.390225989190018
0.6853492828967882
-1.0469591630240669
-1.7189463178567501
-1.359857275711433
0.5290009992591689
-0.9623641291525612
-1.7914269057605516
-1.5615024617387918
-0.20428353132266866
-0.3987740886457341
-1.9491428075923038
-1.6851197092891594
0.24639218244374628
-1.3588393306544078
-2.2980498371426155
-1.0360980490379965
1.930654211639971
0.0739243309370266
-2.0288342297349224
-1.7452432306944325
0.3840510398140399
-1.234176895267812
-2.1028487930049167
-1.613632275908117
0.2490958059795656
-0.9271421340249878
-2.0075264973981373
-1.2787789204166196
0.2448806013769358
-1.1788800710492175
-2.0632484840991645
-1.3261220237905196
0.7326855837641204
-1.2647303662656906
-1.8204886329989365
-1.446500902574005
-0.0788502593273546
-0.6872468264873662
-1.7895388730949007
-1.44185916629653
0.34261208863189274
-1.0397038801933887
-0.4892950263745254
-0.770199471470903
2.308877119545664
-1.175618740106663
-2.014260294679535
-1.1666945536553908
1.7233225225419693
0.11022615971896133
-0.7702768625752445
-1.243587770713662
2.0093773289538026
-0.15811335996197765
0.1919362571533878
-0.16246606232664051
0.2567301207112143
0.023650270626527414
-0.4369292933071382
-0.3087188181534658
2.2486865799295215
-1.6276566560131294
-2.036398941681528
-1.4179050924885217
0.32648810732777556
-1.2073810191602905
-1.8822178499723083
-1.3524717970792373
0.26399423246568493
-1.1892842469029856
-1.8107577888904878
-1.4290773974774538
0.2758541550892357
-0.8878988571932463
-1.6582390590077543
-1.5851271663725943
2.0317101486069444
-0.0325163003276894
-1.6964552551928742
-1.2239277981354304
0.7853225839327944
-0.8726309718427211
-1.9496892304079338
-1.4552841033012966
0.3154546489758517
-0.8488228989931313
-1.8763503283860672
-1.3202767774077344
0.40755242554101834
-1.3338679980514077
-2.003048839639212
-1.7256925044979858
0.7822016606195907
-1.0737129634518043
-1.6031913996599783
-1.739283208583
0.3922698126633643
-0.9759327481598968
-2.4039241555900475
-0.4470690162609642
1.4423643070898653
0.0443838212766234
-0.12876387227220548
0.15530672637408433
0.1675863400140997
-0.15690060843835393
-1.9914664737449788
-1.223404687068141
0.41038963087994246
-0.9071733005829828
-2.038713691399508
-1.4456017442067028
0.5305150127336435
-1.3543703457497873
-2.0777527788432675
-1.4765933295811453
0.6395082657360769
-1.054355886868
-2.048947474904237
-1.3684850393318044
0.8123595415425562
-1.0280313454402805
-2.0843574517705346
-1.321346486617638
0.5002047970583982
-0.882518046208819
-1.9421618484357368
-1.294428473307733
1.835153968453497
0.18881370595993827
-2.0995607248193284
-1.6906887409793954
0.7853951651315674
-0.9126098100394436
-2.1028686478687493
-1.3524405002386557
0.6262265819225685
-1.055614116366138
-1.9075494134825286
-1.4579853572073953
0.3220851071076277
-1.3707438593398786
-1.6040966837618398
-1.3804516751260782
0.5087175656214791
-1.010372828308665
-1.677903734360291
-1.1757176775447147
0.7161993885300035
-1.1519134513778828
-0.07051943661058231
0.1373857370602919
0.03295339626429253
-0.1520334594099959
-2.0208468555880215
-1.6471560158086884
0.33303764257792706
-1.0355704768405978
-1.8488896865626465
-1.3940482491647952
0.40515522806495596
-1.3402932588290444
-1.6271185320324117
-1.4207751305830145
0.8135757324486479
-1.1092791003617677
-1.7842931182313984
-1.2846715342015085
0.4745247278403612
-1.351261489906236
-1.4243212695651972
-1.7183173278024364
1.9634237937384458
0.185039925939174
-0.6586867024783354
-1.1833097869218456
2.1727336354381364
-0.6700665985537565
-1.9601849872495043
-1.2724848465921856
0.6682724382492604
-1.2539210915591632
-2.0199116818733707
-1.3202371465744052
0.7678584144207714
-1.3672610392350075
-1.5921580900401167
-1.6457798366632925
0.24782653169370206
-0.8936940902273475
-2.376819381751329
-1.1554510633865103
1.6171378671243481
0.10413356994269268
-1.7014352968595636
-1.73075916904463
0.42590128938296745
-1.3239477982953545
0.1697817528101155
0.18205041682861436
0.053397591512280254
0.22426179580306585
-1.8758173684788715
-1.6765530490441756
0.7790641513133274
-1.0867657280058591
-1.868985330133953
-1.2702992093269851
0.4274665515258654
-0.9919166917135541
-1.60974549876844
-1.6273994925292619
0.6914132822300081
-1.3107086729973643
-1.681951865464649
-1.749045053314429
0.22150567139204597
-1.03529040395269
-1.7383465644064136
-1.2095819899705902
0.3179114114687397
-1.0696637209522766
-0.1639498985581281
-0.05106565756938334
-0.18177473653525325
0.04917911375131031
-1.8260523708067118
-1.7580825950312053
0.2298077082483449
-1.2528631283232274
-1.8882502779892238
-1.502507717308791
0.5422798964820019
-1.1268138088669042
-1.8442772164756853
-1.2435136148135548
1.9961607463243958
0.23592181481474225
-1.7412277515794332
-1.4147587276054447
0.8179729398091744
-0.9030569291793099
-1.7701032153744487
-1.7667997768537094
0.5516108437383411
-0.9522576005632059
-0.5582828670081196
-1.443177429832739
2.331181805152717
-0.5534789340837465
-0.6792159768801234
-1.1861070564315876
2.334186325858496
-1.2080486342450711
-1.7344368530610828
-1.5218349158527569
0.6236846153199569
-1.3762563305581088
-2.1175349086514443
-1.3336582860099175
0.441521899511439
-0.9527458074460992
-1.3590772653438632
0.24821411725483136
-0.47299903962337775
0.9057238457705832
-1.6398804883207405
-1.5487420135049907
0.4425502608121988
-1.1511571108239675
-1.560497890927088
-1.3613860477867812
0.5781046978183633
-1.1010932108857425
-1.927925664814485
-1.1995139366978458
0.49462577575079936
-0.9176596006104595
-1.8600265942991592
-1.4654043619022228
0.3902924025823244
-1.2927685934548194
-1.6447366628345188
-1.6969027309176217
0.5513662992750019
-1.116972551827149
-1.9065811632510048
-1.3024417202936165
1.6755265021797352
0.12658397291697043
-1.996366684392767
-1.3585541935795997
0.5271623521128979
-1.1390357937370752
-2.072147802154146
-1.5336302185207444
0.30297447457701976
-0.9652729447847285
0.1647815615379973
0.2375907033558762
-0.1660631162210585
-0.09960005830419862
-2.095024938811633
-1.3853014968702295
0.6585177852843325
-1.3844364098663253
0.26001896551251164
-0.01177873044491064
-0.1149653834011518
-0.30108829464022613
-1.9353059899591947
-1.7170946407252157
0.4069210423985572
-0.9965361942607206
-1.75925684756168
-1.5539225276169624
0.30956461924498596
-0.9077780779122119
-2.0287892862929104
-1.3818769703972194
0.3604530059130639
-1.2879649277124048
-1.849211966209693
-1.4927815583712862
0.34027815161958475
-1.3872707906490875
-1.7819703633190076
-1.5200117591667994
0.29399260756985546
-0.8655315295035165
-1.8292810640599262
-1.4703254381184403
-0.25728404739885813
-0.30664265505059946
-1.832254382587457
-1.7001280677157555
0.49045704337200446
-1.1238134586183606
-1.7253908951000199
-1.4325367752619342
0.3977726463964558
-0.9702544151321689
-1.9062241915982336
-1.4140192933083244
0.34252297620191985
-1.4163256368748334
-1.5259289413470851
-1.4376215256519866
0.465167076814616
-0.8810319668868701
-1.8061320394418847
-1.6409604012398855
-0.22232151090819438
-0.664425660647734
-0.5817767900223108
0.28164054836354047
-1.22135869678776
-1.565960986811284
-1.617430806626789
-1.7171967489719873
0.7506322899545401
-0.8964228163768225
-0.9629644002319968
-1.9348797020928195
2.0405092217470058
-0.08859582079845257
-2.113431022818739
-1.5111118061441666
0.6861797193991293
-0.8507616527230321
-1.6117532086367579
-1.286523389685648
0.32457693968937706
-0.8570085829470623
-1.8134791487386064
-1.1853130647933672
0.5048200773411612
-0.8658900660439192
-2.0675274738910776
-1.5696446164273328
0.7002128850045963
-1.0172279177333463
-1.9028296263262523
-1.4004176268874973
0.6516168539849481
-1.29385039536649
-2.036183043880152
-1.5952726123734244
0.7628491515012927
-1.24436603297248
-1.6821234143411337
-1.7191414584295281
0.6736101168791788
-1.3878124125836528
-1.878870351133914
-1.371300002515936
0.7922696449776192
-1.3318607009801056
-1.985786655594024
-1.4626205209409644
0.3852478792129398
-1.4005203346332271
-1.636273625321064
-1.2065748308805682
0.6493495119249133
-1.3630409751828492
-1.8972352242632655
-1.412129342598188
0.4065484389784104
-1.319546915245293
-0.5475518729707294
-1.0176301638599303
1.9853620085700157
-0.6596175878425513
-1.5493022380830874
-1.3871792476209994
0.8248952518913175
-1.174249209404967
-1.8160430089847655
-1.6534117755792122
0.44880219372773805
-1.1242841613083387
-1.9826708215606845
-1.4692981638593536
0.30583895984319576
-1.0375829425166436
-1.7327311795289773
-1.6576872519360304
0.6118559891546036
-0.944717120843169
-1.8495333242904501
-1.0531668829194583
2.117740234313121
0.2665529909941191
-2.101762094270038
-1.5326007705484364
0.4396132953403496
-1.2365324533338418
-1.732138354456168
-1.5104686533801335
0.8567947877829323
-1.3098662690538692
-1.604678117368918
-1.7640195711391184
0.3413068956259757
-1.2978114573112656
-1.7106742371118742
-1.7325890460021591
0.49830933131707333
-1.2582409152282625
-2.3419096536971167
-0.8086089558600272
1.8837861286409185
-0.01357381338708301
-0.19855231654916566
-0.27715448695168676
0.2987966902465434
-0.08033450444605923
-1.6285384966695684
-1.2297750948512343
0.342288870780888
-1.132552875118764
-1.5545847603084648
-1.4827124924091646
0.5962220605122861
-0.854057482916721
-1.7903509565004638
-1.5872094460778847
0.3768558759558639
-1.2260268724758703
-1.9241067805460412
-1.193264077810715
0.4514718714711919
-1.0273138510194542
-2.1067055244486728
-1.427133535316966
0.6345486798214095
-0.9988127653830027
-1.6077323064671623
-1.5029090546246207
0.6950475609492832
-1.2035521753962244
-1.7154578948644486
-1.4719829784119227
0.5561401139694082
-1.3897539484811885
-1.613615674421522
-1.2951712339555734
0.7484654727274049
-0.9111394332065658
-1.7102851439941151
-1.2781193386489742
0.626912176103265
-1.0842302326117685
-2.021839512990273
-1.5252506373375008
0.7698304081481138
-1.0020905630577837
-1.534251171060137
-1.505906851921349
1.6756757323196019
0.25919438653128424
0.10060021204501166
0.2730922946072765
-0.05268914893414837
-0.2789213687165868
-2.0380032458940036
-1.665717341421886
0.5009081791315314
-0.9349210017395652
-2.0751793815522297
-1.5992303513263262
0.3134888543256115
-0.997042750293407
-2.0436526126332875
-1.647494124220081
0.6357052787930431
-1.3047474514462958
-1.9217989907499557
-1.15025651575073
2.0981658164098422
-0.0255161956734482
-2.0614376627080966
-1.4484356263752385
0.43432830967638175
-0.9425188517594206
-1.796759690427904
-1.3703346642366143
0.4025959093054704
-1.0071792659279502
-1.9108047284838068
-1.376612082722997
0.4069522533103722
-1.3996636698297884
-1.9068211468910445
-1.5865510568474221
0.6675279069314763
-0.9449366178152968
-1.9779501810193603
-1.554045211504435
0.39048811082508633
-1.0717090807120588
-2.101006829541624
-1.7184071184959153
0.43646422834960547
-1.4309621745713133
-2.0536349023205687
-1.4591817629083532
0.7539387521085341
-1.3873516903656218
-1.7057841722030704
-1.4834427050471997
2.1605950156055695
0.4534254757074411
-1.7224431464741894
-1.3079086439219305
0.7144038420073071
-1.387208970817344
-1.9446355647181996
-1.2715357333667594
0.7251826505448133
-1.1042098523581887
0.2755165331314088
-0.2528594210181901
0.19656458395846566
-0.26120661336285494
-1.8061744231718038
-1.3356002978089478
0.5548111222669343
-1.3717223918517087
-1.6955517458212652
-1.630593070153062
0.30515968799963933
-1.010721298669211
-1.8355532190474753
-1.2324684162737984
0.4011962566206676
-1.3962675294996256
-1.4920078454380508
-1.6508284243567992
0.39697809156492403
-1.1671208478640989
-0.09240163153858409
0.2504036105817199
0.12192776090253855
-0.29656420242685033
-1.6736849768497277
-1.455692053015034
-0.48324262420886444
-0.7331734754808309
-1.761264477775077
-1.4597678915892973
0.42976224183827455
-1.0318972927712866
-1.9184949297576148
-1.6549312593614145
0.6284755221959777
-1.4317020258113284
-1.8427518514831451
-1.6853063090988252
0.3451293158966372
-1.1292264298189416
-1.9284879813954379
-1.5545966255817285
0.663395546741882
-1.1638054570491498
-1.7000490822193108
-1.6223667325475144
0.5695352431709045
-1.297981888216862
-1.9913077383710558
-1.33688842923193
0.8123522548980306
-1.3117351110645392
0.02349142534899521
-0.16678889057517363
0.24212142577967155
-0.002755067755823422
-1.6963786254022581
-1.3814632823529143
0.5294999008788166
-0.9431719858796656
-1.5391020280335872
-1.1711270133723648
0.7156899939098829
-1.0761676495716632
-1.7362708145582166
-1.523215120699088
0.7686843682070226
-0.9242695822074002
-1.7069921924125415
-1.6063307797240591
0.2946527986548392
-1.2022653282813671
-1.7334566242080056
-1.5082261463630575
-0.8496204406946504
-0.6059275109144443
-1.7873887285208645
-1.3873970414575096
0.44967484460992596
-1.0733615685808153
-0.19954069969776236
-0.23337493711757895
0.08371914566459687
0.17524408962811916
0.12351481068000067
0.05490935440332932
0.2705322586999535
0.1801734304530172
-2.094850194349943
-1.6502027762464955
0.2696388971112602
-1.051572438517628
-1.59766821199484
-1.7085022403757884
0.3024309752379142
-1.146239336794277
-1.9010782896680931
-1.4890525050880516
0.2800309003086544
-1.029691400035718
-2.10945509661891
-1.3537496652629204
0.31971718342351674
-1.0935663872210435
-1.8336889788168058
-1.36350174863005
0.43691035457414223
-0.8756890790430897
-1.5853439546878856
-1.3457048458373897
0.4669725826115737
-0.9813526895191361
-1.6485414587613225
-1.2485119890770862
0.5852886205412426
-0.8598477806596881
-2.0438054520747424
-1.6008287315999035
0.24089294633335034
-1.0190866647481518
-2.0172210822804715
-1.7342423456478235
0.3245295268801677
-1.1868084506284682
-1.6686487271611523
-1.6616043345024403
0.6772796699318153
-1.0162516462849078
-1.7768866890801722
-1.7682526022338785
0.2194069696223972
-1.1872928421635216
-1.9851048174519947
-1.2991115001982332
0.7292139333279049
-0.8808931539080941
-1.6749557623090414
-1.3957044372164442
0.46293298130394056
-1.3702280873978803
-1.557116595844449
-1.6364693964976091
0.7152599344984754
-1.1387455287034778
-1.8096957538341814
-1.2348978292044013
0.2283252383432232
-0.9551107902283139
-1.778876588903144
-1.402059380113608
0.6068897823260062
-1.3607592667862842
-1.9467740467516448
-1.6746911932386275
0.5353890189343712
-1.314678410347491
-1.7019573241978176
-1.043618110206686
1.6767909763549258
-0.027937414447385393
-2.5354504869680614
-0.7648787067049091
1.7370232455495311
0.32525874697659274
-1.8680551357289352
-1.4471281220666252
0.4958515956135999
-0.9341134590840993
-1.9510405950201886
-1.74991736161568
0.22188443931727825
-0.9605180202859073
-0.28753341609710714
-0.2715604293951375
0.22100257275894897
-0.09202865714926631
-0.6153924377734333
-1.1220738385735916
0.950385519022336
-1.7214542113600446
-1.5472286062110858
-1.3707638954454189
0.5655699452743512
-1.1438543017101694
-2.0261943049180813
-1.5147933328288565
0.38815102019757786
-0.9087486894907332
-1.9438824148482974
-1.2843862541523763
0.39824760234268297
-1.2909383291406666
-2.0042371928374436
-1.558415772235444
0.7486859787139839
-1.2957179493248225
-1.9190620735293447
-1.255389541070676
0.5951782622770418
-1.3659819443033376
-1.9807457560840742
-1.7186202508866173
0.6411874675981903
-0.8697270602972674
-1.6302430500771727
-1.6642884500132145
0.6553877952059093
-1.2648041130260548
-2.0015743822672527
-1.6531700756608056
0.5640336577415273
-1.1012703235097125
-1.8015429241830958
-1.7666882764826097
0.7879877903755661
-1.4291412660865086
-1.7639317148918718
-1.185726518784789
0.6456650980147589
-1.1574896204422909
-1.7846763848678662
-1.747537052456164
0.6414388740266439
-1.0852846354011338
-1.8022880482733044
-1.5185799430584805
0.27192684351308105
-1.3411026924645042
-1.9121915665471163
-1.351590138656826
0.6697690132101224
-0.9566125045575565
-1.98574963928449
-1.4509033167461236
0.26345141797892396
-1.384077220676355
-1.900950938329173
-1.4870008505133558
0.2741166388027285
-1.365408806214173
-0.0011244782905617398
-0.18438955550129202
-1.4215012652509547
-1.4895168471184217
-2.0153555802725314
-1.3126768834649238
0.5541379815669689
-1.147458225518145
-2.1177056254582864
-1.2980231033165657
0.48318305030828645
-0.8676776051180518
-1.7560920990628603
-1.4520688166018703
0.2426576462109422
-1.0611694307861714
-0.12017587500993261
0.002532701851883382
0.04327584449572728
-0.29831593095282466
-1.5348050520755732
-1.65649289503027
0.4777119782652332
-0.8941548680564831
-2.0335388935645393
-1.621170967650473
0.7419412258536349
-1.311144240015419
-1.659390774554848
-1.6210291386394011
0.5149975526423509
-1.019887363971188
-1.8920750565020121
-1.3692918054325502
0.5268775023448609
-1.277685130409981
-1.5349226071266204
-1.2120363864422985
0.5089832496189615
-1.3327487208878284
-2.807443318710723
-0.48808735226381994
1.8150598763317962
-0.17287803104167335
-1.953139771536911
-1.481490885832287
0.782997820791417
-0.9973197678888516
-1.7369984990954936
-1.5448145246565748
0.3222030523399072
-1.036570909172929
-1.7680212866705367
-1.722221044858564
0.3279538014049385
-1.1285016662808094
-1.306615221630309
-2.0767273221352687
2.100592191529098
0.47100497692190846
-1.7003143747263332
-1.4733648297871647
0.41380446070164517
-0.9746383374991997
-1.889628732451389
-1.4376454054361938
0.2466791690462491
-1.140035477398342
-2.032603662162719
-1.118805699544561
2.1317491572130276
-0.04682913084818999
0.24912573703390917
-0.001514848897275921
-0.10924937645838853
-0.14214502187736142
-1.5650072480521344
-1.3813415451363402
0.4938127420134336
-1.189134210935211
-1.7897420266235033
-1.2618149450520217
0.40492251228529774
-0.8942481491041968
-1.9111111080153642
-1.5274211006709055
0.45835897793050234
-1.3823023442319449
-1.5792316633370973
-1.4548780445705038
0.37923091991198754
-1.0126534812058252
-1.7073570112112235
-1.2378953778352535
0.6133133535991455
-1.030112216868992
-1.932287435058968
-1.3009526258176398
0.27181260662949724
-0.875109871658219
-1.7078891573211963
-1.5329475575249976
0.3837184705751112
-1.2956501836209182
-1.9489931862416983
-1.5828956361549875
0.7779550684120595
-0.9671708988957454
-2.115325741679101
-1.611497212994924
0.665588033768179
-0.9288280003484101
-1.6533492057638228
-1.6373004893499885
0.4744311371638467
-0.9099921345986278
-1.8799816470438215
-1.4950715735740323
0.592812911157
-1.3828485715710657
-1.0166480844860104
0.07489341946417323
-1.8136056699454703
-0.7448184295960341
-1.708879064022852
-1.25306618338747
0.24222702070912372
-0.8528233077092234
-1.9114577387903147
-1.4806331037711613
0.4146464992342223
-1.2252412799056576
-1.793362760769606
-1.6093174329122102
0.5336302205903036
-1.0429720738976638
-1.8906512106531266
-1.7058606852551448
0.6743697562071436
-0.9873655366325192
-2.1209570324532656
-1.6823574396409315
0.7847649521144904
-1.0576936505064114
-1.4917244605629678
-1.6958020881969984
2.0880426564266097
0.6015669833894436
-0.03419681365125451
0.19577535175140262
0.21115409304836263
0.07272703529915872
-1.7191634316203173
-1.3776058810395237
0.7466439013478274
-0.9676995466975563
-1.851759672728134
-1.3315066985869386
0.5337125180524145
-1.2420752498245056
-1.7985548525905242
-1.2776624987599172
0.7222756509563388
-1.3268570818972283
-0.07259459891935108
-0.2732183695833277
0.16780544814241838
-0.2851097894873305
-2.44262060600328
-0.6157496846495564
1.8126232574288634
0.05803656480639285
-1.0927256040307278
-1.8436308034253732
0.6269207095569775
-1.2218192961024301
-2.0901290432480617
-1.2679787214494727
1.9724311940871075
0.19339486226324432
-2.012642366744649
-1.7088555426094425
0.5452297715550065
-0.9460859044488447
-1.5287917785915748
-1.7085911598972752
0.49023410635307674
-1.2883646447924606
-1.8120350972501726
-1.6405222086085058
0.7403696121849206
-1.1080180532375383
-1.9188688288228208
-1.7550079318870726
0.31769812168294564
-1.0083556669904183
-1.6799435232416058
-1.513539795492214
0.334322978368686
-1.3917606541089858
-1.6227808407753432
-1.7470139779717646
0.6725245932168997
-0.9506833684794608
-1.7311593929653815
-1.4976903641363533
0.7784535167486977
-1.3400717682657755
-1.6706793438581191
-1.7599182262284858
0.4391780128271057
-1.418386744011885
-1.794073428640794
-1.6052005642381733
0.41269185692835736
-0.9168476821092896
-1.611991443986045
-1.4614528176337902
0.4608379264118349
-1.0514077224195548
-1.6783305477268011
-1.5784871666521043
0.37587752474992703
-1.3168000409698897
-1.872259653182466
-1.3736515624919992
0.5871887184239113
-1.1417973563634505
-0.19720479860862158
0.2932817947551582
0.27391114067755973
0.23693392584515982
-1.5960557140599363
-1.3221097336903498
0.5143453610907713
-1.0318479982186344
-1.5618936946077935
-1.2419675216563737
0.557688774446714
-1.1712053821887813
-1.9290484401350305
-1.623685818066728
0.45827433496374054
-1.2101091821203216
0.15863290922453643
0.18250253816398335
-0.11475353361168451
0.12735620344914475
-1.066193598223842
0.32433275549246326
-1.8501184549501395
-1.2244982856882793
-1.4278834502904831
-1.5274515333093834
2.0398098400732807
0.449042599677252
-1.704711068200273
-1.677642404432651
0.7187028807962528
-0.8435623068184713
-1.851188490340391
-1.5466328685930302
0.6608179112569927
-0.9907548806029091
-2.37475312381694
-0.9031550591608456
1.3126667302737602
0.5789932035707367
-1.7479339541827144
-1.2555719915083259
0.5362790613416996
-1.0820406572386638
-2.0081946594751776
-1.5635663766956804
0.6317438343506063
-1.0500609915051
-1.6288257194558344
-1.2899112829919306
0.5701147100952354
-0.9096890710120663
-1.737993137749474
-1.2431939608742493
0.35993989882211913
-1.0722431457286212
-2.0712277554872567
-1.6655979520811337
0.28756851196951083
-0.9514307007546184
-1.7292732389733985
-1.4298323207801804
0.5895586083768456
-1.1257318403767036
-1.9945035513956215
-1.4714344055799722
0.35374807516585877
-0.8832343598629174
-1.5629286267368672
-1.5351785015381532
0.42114316079166203
-1.2668059293454081
-0.6536419604971647
-1.360998269587458
2.142936447600102
-0.37564312224815233
-2.0894500923018016
-1.282245718844391
0.8098435287630912
-0.9970698709081386
-2.0073192214912203
-1.522141222289768
0.7712263890439637
-1.1273375587264016
-2.0749025698946966
-1.0605350064045624
1.5628129246097138
0.4554240692276176
-0.258841704475341
0.2258549072809777
0.09980013094385297
0.16312769990610299
-1.5891161675825312
-1.406588934415024
0.7945793850604583
-1.207037381708842
-1.6659434890011005
-1.6727687951839727
0.8091918348584273
-1.4376018190051851
-1.699949319425062
-1.7194012052192509
0.5751995103638256
-0.9864561076341251
-1.8552730846994647
-1.7389563767185428
0.4287551100555805
-1.2397696166952998
-0.6813636131483957
-1.659735609682946
-0.22449923026206453
1.8933620918861664
-1.6531221345503346
-1.451005796658419
0.6429921561491647
-1.0054891359997513
